AGMP1 403748.9930 4538977.1510 2.2080
AGMP2 403748.2650 4538977.6310 0.6680
AGMP3 403749.0910 4538978.8150 2.1990
AGMP4 403747.7540 4538980.1370 2.2790
AGMP5 403754.6290 4538979.7730 2.5190
AGMP6 403754.3240 4538979.1480 4.5290
AP1 403769.0710 4538966.5410 -4.8550
AP10 403732.8480 4538969.6080 -3.4070
AP11 403732.9040 4538970.5440 -3.4330
AP12 403769.4030 4538975.1340 -3.1380
AP13 403747.6450 4538962.5420 -3.1150
AP14 403741.0920 4538962.9300 -3.0760
AP15 403734.6280 4538963.3430 -2.8590
AP16 403752.3570 4538971.7080 -2.8690
AP17 403747.0290 4538972.6820 -3.1990
AP18 403767.1800 4538961.2790 -3.4570
AP19 403768.5190 4538975.8450 -3.4130
AP2 403767.1110 4538974.8420 -4.9090
AP20 403769.1790 4538970.9920 -3.1350
AP4 403755.9300 4538980.4050 -3.3040
AP5 403754.3040 4538974.5500 -3.4080
AP6 403750.4300 4538980.2150 -3.0870
AP7 403763.1990 4538979.9450 -3.1040
AP8 403749.2940 4538974.7480 -2.9520
AP9 403745.1930 4538973.1500 -3.3820
AT2 403769.8670 4538958.3970 4.2050
BK1 403680.0720 4538965.3930 4.2820
BK2 403680.7410 4538975.9630 4.2580
BK3 403681.3990 4538986.8980 4.2670
BK4 403794.1910 4538976.1090 4.3130
BK5 403793.3000 4538960.5790 4.2730
BK6 403699.9650 4538970.8290 2.7340
BK7 403699.6480 4538965.6710 2.7480
BK8 403720.9510 4538971.4440 2.8910
BK9 403721.4710 4538979.8000 3.0590
E1 403736.5530 4538965.0670 -10.0680
E10 403758.9140 4538961.8200 -8.3550
E11 403758.6320 4538980.2350 -8.1720
E12 403777.1960 4538979.0900 -8.4970
E13 403776.1480 4538960.7340 -8.3810
E14 403781.2190 4538970.1630 -8.6220
E15 403791.2170 4538964.0030 -8.3540
E16 403791.8270 4538973.7340 -8.5090
E17 403784.6190 4538974.5520 -8.6690
E18 403781.0450 4538975.2320 -6.8630
E19 403781.2120 4538978.3010 -6.8890
E20 403783.8040 4538978.6880 -6.0560
E3 403760.1720 4538978.8810 -10.0570
E4 403759.1830 4538963.2710 -10.0900
E6 403742.9300 4538943.8930 22.4230
E7 403733.3330 4538944.1330 22.5110
E8 403723.0900 4538944.4000 22.4310
G1 403784.8910 4538963.7510 -10.0750
GP1 403763.6360 4538975.3300 -16.6100
GP2 403749.0900 4538978.8160 2.1980
GP3 403748.2610 4538977.6310 0.6680
M.100 403487.9060 4538986.7570 -15.7600
M.101 403476.5910 4538986.7330 -15.2500
M.102 403500.8950 4538986.8050 -15.8320
M.103 403493.6280 4538986.7800 -15.7200
M.104 403534.4860 4538975.4250 -14.5210
M.105 403534.4930 4538979.7470 -14.9070
M.106 403495.0210 4538976.4530 -15.4860
M.107 403515.4800 4538986.8460 -15.9440
M.108 403492.4940 4538982.3440 -15.8790
M.109 403492.5140 4538976.2300 -15.8930
M.110 403495.0030 4538982.2760 -15.6580
M.111 403501.0060 4538982.3170 -15.7000
M.112 403503.5140 4538982.4160 -15.6440
M.113 403478.6130 4538971.8190 -15.9780
M.114 403488.5970 4538971.8700 -16.0680
M.115 403498.8220 4538971.9170 -15.9800
M.116 403477.3170 4538986.7360 -15.8280
M1 403437.0150 4538971.4640 -16.3050
M2 403436.9900 4538986.9840 -15.7260
MDP33 403534.6770 4538955.8100 24.0170
MDP34 403523.6410 4538955.8460 24.0200
MDP35 403514.5040 4538955.8590 24.0010
MDP36 403503.3060 4538955.8730 24.0570
MDP37 403794.4240 4538939.4110 22.1530
MDP38 403782.6730 4538939.7370 22.2240
MDP39 403773.6110 4538939.9730 22.1550
MDP40 403762.4710 4538940.2830 22.2600
MKS1 403532.3020 4538969.5450 5.6240
MKS2 403477.5360 4538969.4270 5.5990
MKS3 403437.4200 4538969.6930 5.5960
MR1 403723.6310 4538986.9560 5.6730
MR10 403725.0620 4538966.2450 2.3170
MR13 403725.1080 4538966.3230 5.6630
MR14 403736.2010 4538986.2580 5.9950
MR15 403745.2560 4538962.6810 2.4260
MR16 403757.8280 4538974.8420 2.6070
MR17 403758.1710 4538979.9560 2.7450
MR18 403741.6900 4538985.3320 2.7750
MR19 403725.0020 4538986.4140 2.6040
MR2 403734.9520 4538986.2270 5.3520
MR20 403736.1780 4538985.7050 2.5650
MR21 403722.3020 4538976.9070 2.8560
MR22 403731.9130 4538963.4970 2.5510
MR22.1 403721.8440 4538970.1000 2.7830
MR22.2 403730.4650 4538966.3390 2.9140
MR22.3 403722.1560 4538974.6830 2.3280
MR22.4 403734.5040 4538975.7490 2.4330
MR22.5 403748.5560 4538982.9150 2.3550
MR22.6 403747.8060 4538980.8450 2.2300
MR22.7 403749.0920 4538978.8150 2.2000
MR22.8 403748.1460 4538976.6140 2.5650
MR23 403745.8910 4538973.1110 2.4630
MR23.1 403744.8600 4538972.8120 2.5140
MR24 403748.6780 4538984.8850 3.1260
MR25 403741.1570 4538981.5010 2.3110
MR26 403741.4530 4538985.6230 2.5300
MR27 403721.5800 4538980.6800 4.7790
MR28 403721.6330 4538984.0230 4.7850
MR29 403754.8420 4538984.3710 5.7080
MR3 403745.6720 4538985.5220 5.2400
MR30 403741.3080 4538978.8610 5.9050
MR31 403699.6930 4538982.5100 5.7260
MR32 403704.0230 4538968.5320 5.6610
MR4 403758.6330 4538984.7280 5.8310
MR5 403760.4100 4538961.8900 5.3580
MR6 403760.7410 4538967.3930 5.3770
MR7 403755.4510 4538962.0190 5.4970
MR8 403734.4630 4538973.8320 2.2410
MR8.1 403734.9600 4538973.4640 2.6670
MR9 403744.9030 4538972.9630 2.3000
N4 403358.9740 4538952.5050 5.5360
N4-3 403648.3470 4538972.9030 4.8600
P100 403720.5190 4538974.3360 -17.2030
P101 403732.7340 4538973.6020 -16.8700
P102 403744.8300 4538972.8920 -16.7490
P103 403757.0430 4538971.9950 -16.6610
P105 403727.0100 4538982.2500 -16.7810
P106 403701.7160 4538975.4830 -16.7690
P107 403722.7280 4538974.2420 -16.8870
P108 403716.3160 4538964.4990 -16.7660
P109 403711.2160 4538964.8310 -16.3970
P110 403747.0330 4538972.6700 -16.6430
P111 403724.5750 4538963.9830 -16.6740
P112 403736.7370 4538963.2000 -16.8750
P113 403734.9390 4538973.4640 -16.7100
P114 403710.5900 4538974.9410 -16.6260
P115 403700.3860 4538983.9320 -16.5820
P117 403759.2400 4538971.8630 -16.7330
P118 403759.3580 4538961.8080 -16.7550
P119 403761.8890 4538980.0850 -16.4750
P120 403766.2720 4538979.7680 -16.5410
P121 403770.7030 4538979.5100 -16.4920
P122 403777.8970 4538960.6180 -16.5330
P123 403769.3800 4538961.1680 -16.4980
P124 403771.4840 4538971.0980 -16.5790
P125 403780.1120 4538978.9120 -16.5200
P14 403792.8120 4538968.8300 -7.3530
P150 403784.9530 4538960.1410 -16.6170
P151 403789.0690 4538966.9250 -16.5600
P152 403788.4150 4538972.8950 -16.7110
P200 403701.7030 4538975.5220 -8.3550
P2000 403625.6610 4538979.8840 4.7750
P2001 403680.3630 4538978.1550 4.1630
P2003 403705.3000 4538962.7170 4.1960
P201 403732.7370 4538973.6140 -8.3660
P202 403734.9530 4538973.4820 -8.4870
P203 403711.4570 4538974.5550 -8.4620
P204 403737.6960 4538981.5580 -8.3540
P205 403757.0710 4538972.0660 -8.5240
P210 403730.7490 4538963.5870 -8.1700
P213 403710.0220 4538983.3240 -8.4230
P219 403690.1480 4538984.5680 -8.2610
P220 403749.8110 4538980.8050 -8.3010
P221 403734.3220 4538973.8430 -8.2690
P222 403722.7310 4538974.2160 -8.3220
P301 403747.0220 4538972.6470 -3.3900
P302 403726.8420 4538970.2980 -2.9190
P304 403722.0860 4538973.9070 -3.1530
P305 403711.9120 4538974.5420 -3.2410
P306 403734.9350 4538973.4610 -3.1880
P307 403744.8100 4538972.8380 -3.4310
P312 403755.2170 4538962.0330 -3.2600
P313 403702.8880 4538983.7770 -3.3270
P317 403754.2150 4538980.5330 -3.4610
P318 403779.9890 4538964.5600 -4.9830
P320 403778.3650 4538974.9180 -4.9850
P321 403777.1840 4538979.0780 -3.4200
P322 403775.5700 4538960.7350 -3.3580
P323 403682.5730 4538970.4640 -3.0830
P324 403782.1400 4538960.3050 -3.4110
P325 403791.6890 4538971.7370 -3.3240
P326 403784.5620 4538974.5600 -3.4010
P327 403780.4660 4538970.2080 -3.3040
P328 403785.0820 4538974.5200 -3.4400
P329 403791.3120 4538965.9670 -3.1210
P340 403791.7540 4538972.9520 -3.4340
P341 403781.7420 4538970.8120 -3.4500
P341.1 403752.5060 4538973.9730 -3.1970
P342 403786.6870 4538960.0200 -3.3400
P342.1 403730.9080 4538963.5510 -3.3330
P343 403746.7400 4538977.2180 -3.4540
P344 403741.6440 4538977.5470 -3.5660
P345 403736.5450 4538977.8490 -3.5690
P346 403727.2170 4538971.5330 -3.6220
PA1000 403747.0710 4538962.5750 -3.3320
PA1001 403738.4330 4538963.0690 -3.2840
PA1002 403752.2140 4538969.6860 -2.9910
PA1003 403747.0120 4538972.7700 -3.3460
PA1004 403764.2570 4538979.9060 -3.4540
PA1005 403693.7950 4538979.3380 -4.9600
PA1006 403709.9530 4538978.3320 -4.9990
PA1007 403728.8000 4538977.3670 -4.9180
PA1008 403708.9460 4538977.3280 -3.3640
PA1009 403693.8440 4538979.1760 -4.8960
PA1009.1 403732.5900 4538968.7170 -2.9830
PA1010 403729.0480 4538966.8290 -3.1700
PA1011 403732.7250 4538973.5150 -3.1900
PA1012 403727.3130 4538973.0400 -3.1670
PA1013 403706.6980 4538970.7610 -3.1800
PA1014 403712.3320 4538967.8800 -3.2580
PA1015 403710.6910 4538964.8770 -3.2270
PA1016 403714.3310 4538964.6470 -3.0370
PA1017 403694.9730 4538975.9060 -3.0190
PA1018 403690.3220 4538966.1500 -2.9410
PA1019 403698.3230 4538965.6500 -2.7400
PA1020 403687.5920 4538966.2990 -2.9260
PA1021 403682.6180 4538971.2050 -2.8340
PA1022 403683.1750 4538979.7960 -2.7400
PA1023 403688.7120 4538978.9070 -3.2690
PA1024 403688.8380 4538981.0070 -3.2640
PA1025 403688.9610 4538982.9840 -3.2470
PA1026 403691.9970 4538980.5850 -3.3130
PA1027 403706.9040 4538977.5000 -3.4290
PA1028 403705.4890 4538979.8890 -3.3150
PA1029 403719.6060 4538979.0250 -3.3960
PA1030 403704.5330 4538977.6490 -3.3800
PA1031 403717.3080 4538979.1890 -3.2960
PA1032 403722.7450 4538979.8240 -3.3590
PC10 403630.9200 4538991.8270 5.0180
PC10-1 403630.8690 4538991.8240 4.9940
PC9 403660.6200 4538990.1280 5.0570
PC9-1 403660.5670 4538990.1350 5.0280
PH1 403682.6890 4538972.2770 -16.7320
PH10 403714.3880 4538964.6290 -16.5620
PH11 403716.8410 4538974.9130 -16.6910
PH12 403732.7310 4538973.6040 -16.8700
PH13 403741.3810 4538962.9420 -16.8730
PH14 403744.8280 4538972.9090 -16.7540
PH15 403762.7290 4538973.2280 -16.7770
PH16 403750.7350 4538962.3640 -16.5750
PH17 403762.4250 4538968.1280 -16.5830
PH18 403752.4100 4538980.7210 -16.5940
PH19 403747.6070 4538981.0100 -16.6970
PH2 403683.1340 4538979.1860 -16.6530
PH20 403733.9350 4538973.1580 -16.6050
PH21 403745.9670 4538972.4200 -16.7970
PH22 403721.4990 4538973.9490 -16.8010
PH23 403716.9120 4538971.4290 -16.5980
PH24 403717.1810 4538975.7020 -16.5840
PH25 403722.9440 4538982.5120 -16.7470
PH26 403734.0380 4538981.8340 -16.7680
PH27 403722.7300 4538974.2140 -16.8330
PH28 403761.8950 4538980.1050 -16.4730
PH29 403769.9130 4538979.5700 -16.8080
PH3 403691.0170 4538984.5040 -16.6560
PH30 403767.9620 4538961.2830 -16.7070
PH31 403695.4310 4538970.4070 -16.9440
PH32 403686.5720 4538970.9580 -16.8770
PH33 403716.5990 4538971.1510 -16.6040
PH34 403779.8200 4538970.6180 -16.1770
PH35 403787.8150 4538967.1360 -16.1390
PH36 403788.1630 4538972.7840 -15.9720
PH37 403770.0550 4538974.9310 -16.9620
PH38 403780.3390 4538960.4540 -16.2330
PH39 403791.3010 4538965.6420 -15.9090
PH4 403699.5120 4538975.6340 -16.5420
PH40 403770.2130 4538970.8750 -15.9600
PH41 403763.0520 4538973.5290 -15.9520
PH42 403768.0660 4538979.6590 -15.9950
PH43 403791.1030 4538978.1910 -15.9240
PH44 403780.9280 4538970.2030 -16.0460
PH45 403770.7760 4538961.0930 -16.0220
PH46 403757.4430 4538961.9440 -15.9950
PH5 403700.2900 4538965.4910 -16.2880
PH6 403695.3250 4538965.8220 -16.3130
PH7 403710.5870 4538974.9310 -16.6230
PH8 403709.4740 4538983.3520 -17.0350
PH9 403716.3030 4538982.9230 -16.5970
PR1 403761.2450 4538967.7580 6.0530
PR2 403760.8610 4538961.5370 5.9630
T1 403723.8160 4538967.2030 -4.8580
T2 403713.4560 4538967.7180 -4.8650
T3 403709.7660 4538968.1220 -4.8570
ZK1 403784.1590 4538960.2210 -8.4470
ZK10 403753.2760 4538962.1840 -8.3930
ZK11 403791.7730 4538972.9730 -8.2360
ZK12 403749.3220 4538962.4200 -8.4350
ZK13 403746.0320 4538962.6270 -8.4570
ZK14 403743.0040 4538962.8150 -8.5000
ZK15 403740.4350 4538962.9580 -8.4360
ZK16 403737.0390 4538963.1960 -8.5180
ZK17 403734.4960 4538963.3500 -8.3890
ZK18 403731.9710 4538963.5100 -8.3080
ZK19 403729.1880 4538963.6800 -8.4440
ZK2 403782.2710 4538960.3340 -8.4880
ZK20 403726.1080 4538963.8650 -8.4850
ZK21 403725.2550 4538965.8500 -8.4690
ZK22 403696.0600 4538965.7920 -8.3410
ZK23 403693.7900 4538965.9330 -8.3910
ZK24 403691.6080 4538966.0970 -8.4170
ZK25 403688.6600 4538966.2660 -8.3490
ZK26 403682.6320 4538971.0730 -8.5110
ZK27 403695.1690 4538984.2310 -8.4480
ZK28 403682.9860 4538976.6650 -8.4040
ZK29 403683.2650 4538980.5750 -8.5080
ZK3 403778.5820 4538960.5760 -8.4810
ZK30 403710.5790 4538974.9440 -8.4520
ZK4 403773.3880 4538960.9230 -8.4390
ZK5 403770.0920 4538961.1410 -8.4720
ZK6 403766.9360 4538961.3170 -8.4340
ZK7 403763.7970 4538961.5160 -8.4610
ZK8 403760.8020 4538961.7060 -8.4620
ZK9 403756.2590 4538961.9850 -8.4240
F1 403703.8575 4538983.5705 -8.1489
F2 403717.8752 4538982.6870 -8.1711
F3 403727.1326 4538982.1042 -8.2220
KP2.1 402148.3573 4540166.5336 11.0397
KP1 402155.0234 4540171.8532 11.2092
KP3 402151.8355 4540169.2466 11.1800
F4 403703.6491 4538968.5030 -8.5062
F5 403706.8534 4538968.3001 -8.5066
F4.1 403699.9524 4538970.5280 -8.4946
F6 403709.4678 4538968.1365 -8.4552
F9 403732.6430 4538973.7783 -8.5559
F10 403727.6069 4538970.0657 -8.5287
F3.1 403731.6805 4538981.8179 -8.3695
F14 403738.4759 4538981.3943 -8.3084
F15 403744.3734 4538981.0235 -8.3735
F21 403770.4396 4538979.3838 -8.4770
F20 403780.4878 4538972.4766 -8.4614
F19 403780.8113 4538977.8691 -8.4582
E2 402241.0870 4540016.7950 5.1740
E5 402279.2540 4539992.8930 5.1030
A2.1 403442.4657 4538986.4990 -15.9715
DI.1 403461.9131 4538986.7066 -15.9311
DI.2 403454.4792 4538986.6739 -16.0005
DI.3 403514.6609 4538979.2217 -15.7283
