88	402175.9246	4540089.9056	-5.8691
100	402223.8190	4539970.1060	-17.9030
102	402219.6750	4539987.1520	-17.9320
103	402211.0850	4539994.1890	-17.9320
104	402208.4810	4540007.0590	-18.0050
105	402208.5650	4540025.7040	-17.9980
106	402201.8660	4540037.5590	-17.9050
107	402203.4940	4540049.3540	-17.9790
108	402197.6190	4540057.2370	-17.8690
109	402203.7200	4540061.6080	-17.9300
110	402199.7990	4540069.1070	-17.9940
111	402200.4480	4540076.7880	-17.9440
112	402199.1510	4540083.2750	-18.0220
113	402193.0140	4540078.9720	-17.8660
114	402218.8490	4539991.5870	-17.8490
115	402217.4910	4539995.9370	-18.0610
116	402206.3970	4540077.4500	-12.6570
117	402217.2800	4540086.6590	-12.8370
118	402209.6760	4540087.7860	-12.6180
119	402228.9880	4540089.6680	-13.0790
120	402229.7890	4540084.8830	-12.8740
121	402212.1860	4540065.4000	-12.5540
122	402220.2100	4540073.1860	-12.6540
123	402224.0560	4540067.9410	-12.8100
124	402232.8160	4540070.7350	-13.1230
200	402221.0868	4540088.3700	-17.9228
201	402233.4580	4540062.4690	-17.9310
202	402226.8210	4540061.7310	-17.9540
204	402231.7160	4540038.5650	-17.9400
206	402234.1490	4540026.6850	-17.8780
207	402238.5460	4540006.9420	-18.0550
208	402244.9680	4540008.1630	-17.9910
209	402244.0030	4539981.4580	-18.0960
220	402249.2240	4539987.8450	-17.9890
221	402246.9729	4539977.4428	-17.9515
225	402233.3500	4540043.0910	-17.9800
226	402224.0280	4540074.6050	-17.9040
227	402222.3710	4540082.0880	-17.8760
0.11	402181.1232	4540091.5303	-7.0687
0.12	402178.1313	4540094.5138	-7.1221
1.5	402191.5580	4540078.1240	-15.2150
102.1	402218.8530	4539991.5930	-17.8470
102.1.1	402178.9780	4540111.2270	-2.3660
102.1.2	402173.6290	4540106.8910	-2.9640
105.1	402235.9450	4539978.5150	-13.7900
105.2	402236.4590	4539974.8540	-11.5940
105.3	402237.6200	4539971.6560	-14.0570
105.4	402216.6020	4539968.1750	-17.9720
105.5	402219.4970	4539973.1420	-18.0900
105.6	402220.6270	4539952.4500	-17.7420
28.1	402215.7312	4539967.2687	-16.1657
28.2	402215.0747	4539970.5330	-16.2073
28.3	402225.6883	4539969.6148	-16.3798
28.4	402219.5760	4539992.6028	-16.0030
3.1	402237.4790	4540050.5950	-14.6480
3.2	402228.3440	4540048.7860	-13.4490
AH1	402224.9200	4539969.4829	-14.2312
AH3	402235.0212	4539978.2222	-14.4940
AN.115.1	399060.6730	4546766.7200	24.9200
AT1	402204.9428	4540080.2238	2.4824
AT2	402215.7911	4540078.3517	2.3528
AT31	402198.2906	4540083.9159	2.5503
AT32	402216.6530	4540093.5812	2.3233
AT33	402228.1379	4540079.0218	2.2757
AT4	402215.7332	4540066.2080	2.4684
B1	402237.8060	4539996.4910	-13.4110
B101.1	402206.4040	4540077.4530	-12.6560
B101.2	402229.7990	4540084.8790	-12.8740
B101.3	402229.0000	4540089.6650	-13.0770
B101.4	402217.2920	4540086.6580	-12.8370
B102.1	402220.2180	4540073.1900	-12.6530
B102.2	402223.8090	4540071.0000	-11.5260
B102.3	402232.8230	4540070.7350	-13.1190
B102.4	402216.1970	4540072.2020	-12.3080
B104.1	402238.9830	4539990.4480	-12.9940
B104.2	402237.8050	4539996.4910	-13.4130
B104.3	402225.9620	4539993.8800	-12.8090
B107.1	400300.0440	4545271.9030	4.7840
B107.2	400299.2300	4545278.5200	4.3110
B2	402238.9780	4539990.4420	-12.9860
B3	402225.9640	4539993.8790	-12.8070
BTH3	402230.6552	4540075.4934	-2.9043
BTH5	402208.5684	4540091.9223	-3.0132
BTH6	402221.5659	4540087.0777	-2.8730
C2	402200.7640	4540035.1820	-15.7040
C3	402210.7870	4540035.0290	-15.6010
C4	402222.2660	4539979.8550	-15.5220
CB1	402210.8770	4540027.1590	-18.2650
CB2	402210.6480	4540028.5440	-18.2750
CC3	402210.8820	4540027.1540	-18.2880
CI1	402216.1620	4540077.0238	-2.9007
CI111	402228.5091	4540028.5515	-14.5654
CI2	402210.6149	4540072.7232	-2.9580
CI211	402227.0585	4540034.3443	-14.5675
CI3	402223.0527	4540053.1360	-3.2166
CI311	402218.8758	4540025.6303	-14.5375
CI4	402199.4813	4540084.8281	-3.0192
CI411	402217.2940	4540032.9900	-14.5606
CI84	402204.5310	4540081.0134	-3.0608
CI85	402194.6807	4540079.6192	-2.9434
CME4	402244.3759	4539973.7001	-13.9810
E1	402265.5120	4540034.4270	5.1680
E2	402241.0870	4540016.7740	5.1790
E31	402280.7540	4540002.1390	-3.0710
E31.1	402279.1350	4540004.1860	-3.0090
E31.2	402282.2920	4540000.1620	-2.7810
E54	402211.4900	4540066.7440	-0.3610
E55	402210.7500	4540056.6490	-1.8250
EK1	402201.5870	450032.9670	-15.5550
FI1.1	402246.9633	4539975.2530	-3.0399
FI1.2	402247.2810	4539979.9823	-3.1580
FI1.3	402237.0552	4539979.0765	-2.9680
FI1.4	402248.5668	4539975.7621	-3.1540
G123.1	402230.9520	4539966.6610	-13.5930
G123.2	402237.5370	4539968.0650	-13.5690
GA1	400953.1970	4541033.6290	-2.5150
GA2	400963.4560	4540942.6030	-3.4340
GCC1	402237.5274	4539968.0585	-13.5775
GCC2	402230.9413	4539966.6536	-13.6020
GCC3	402230.3493	4539998.9457	-12.5624
GN3	400980.0219	4540835.9324	-5.3805
GN4	400979.0098	4540734.5482	-7.9046
GN5	400979.2894	4540677.1801	-9.0065
H148.4	399426.1000	4546349.6170	45.7450
H148.5	399426.3830	4546357.4640	45.7000
H2.C1	402241.4460	4539991.6300	-17.7980
H2.C2	402241.8990	4540001.5980	-17.9890
H2.C3	402239.7930	4540011.8660	-17.9670
H2.C4	402236.7400	4540026.1000	-17.9570
H2.C5	402231.0640	4540052.6490	-17.9480
H2.C6	402235.6590	4540052.7860	-17.8190
HY10	402219.0182	4540049.7667	-3.0762
HY2	402222.0343	4540069.5760	-3.0007
HY3	402216.0870	4540064.9360	-2.6560
HY4	402211.8473	4540057.3692	-2.9506
HY5	402223.3130	4540060.0322	-2.6881
HY6	402227.6250	4540063.4110	-2.9070
HY8	402222.3870	4540070.6025	-3.0494
HY9	402230.1315	4541076.4224	-2.5003
L100	402225.2150	4540062.8000	-13.8890
L101	402232.3870	4540074.1530	-14.2170
L102	402217.2600	4540102.4090	-13.1270
L103	402241.2910	4539987.5790	-13.3910
L104	402250.5310	4539988.8790	-14.1300
L105	402224.6710	4540104.1180	-12.3170
L106	402227.1280	4540095.6610	-13.0140
L107	402221.1180	4540102.8830	-10.9590
L108	402218.5490	4540080.4820	-12.9220
L109	402217.2910	4540086.6620	-12.8390
L110	402212.9600	4540078.7370	-12.5850
L111	402206.4060	4540077.4550	-12.6600
MA3	402233.6697	4540056.0250	-2.9733
MA6	402242.8268	4540038.7540	-3.2215
MK.138-1	399089.4182	4547827.7434	28.6027
MK.140	399092.0753	4547759.3649	28.4280
MR1	402230.3536	4539998.9560	-12.5581
MR2	402223.0087	4540004.6765	-10.7843
OF1	402245.0660	4540040.7482	-2.6747
PYB1.2	402266.6560	4539987.4120	-3.1670
RKOR1	402232.4360	4540034.3950	-18.0670
RKOR2	402233.5770	4540031.6620	-18.2840
S10	402236.5670	4539971.9033	-14.3090
S11	402230.1551	4539970.5890	-14.0640
S2	402228.9323	4539976.6820	-14.5570
S28.3.KOR	402215.7466	4539990.2722	-16.1196
T1	402191.5420	4540083.3030	-15.8820
T2	402204.3310	4540063.2730	-15.8630
T3	402200.4070	4540040.4240	-16.2010
T4	402213.0300	4540022.0220	-16.0510
T5	402208.0530	4540004.2060	-16.0830
TA.68	402215.7378	4540124.3668	-16.3972
TA.70	402224.7645	4540106.4655	-15.9079
TA.72	402219.6971	4540105.1414	-16.2216
TA.74	402231.3291	4540076.6079	-16.3165
TA.76	402224.6072	4540067.0413	-15.9872
TA.78	402233.5278	4540066.1071	-16.3772
TA.82	402237.3330	4540007.1200	-15.8620
TA.84	402241.0120	4540031.2710	-16.1360
TA.86	402229.9480	4540042.0920	-16.0840
TA57	402217.5592	4539960.7220	-15.8646
TA59	402208.0476	4540004.2350	-16.0225
Y11PRIZMA	402208.0800	4540004.2451	-16.0881
Y13	402226.8510	4540027.5930	-14.4480
Y13PRIZMA	402196.9267	4540056.7982	-16.1812
Y20	402218.3834	4540026.2591	-14.4909
Y21	402212.8636	4540025.2761	-13.8871
Y23	402179.7723	4540097.2071	-2.2150
Y24	402177.2255	4540095.1479	-2.2405
Y25	402180.7407	4540089.8866	-2.2247
Y5	402230.9260	4540028.9520	-16.1040
Y6	402232.7850	4540070.2447	-15.4863
Y6PRIZMA	402232.7850	4540070.2447	-15.4863
Y8	402240.9941	4540031.2935	-16.1117
Y8PRIZMA	402240.9941	4540031.2935	-16.1117
YB1	402177.6870	4540113.2640	4.0030
YB10	402184.4580	4540128.6270	0.2100
YB13	402235.9500	4539978.5120	-13.7760
YB14	402237.6190	4539971.6520	-14.0440
YB2	402175.0160	4540111.1400	3.9590
YB2	402175.0160	4540111.1400	3.9590
YB20	402178.9849	4540111.2237	-2.3778
YB21	402173.6363	4540106.8882	-2.9727
YB22	402192.2463	4540083.3529	-2.5370
YB24	402180.9710	4540117.1840	-3.3320
YB3	402143.6970	4540103.3290	17.3960
YB4	402168.9870	4540111.2080	3.9400
YB5	402190.8050	4540131.2220	-2.4760
YB7	402157.1470	4540127.6950	-2.7550
YB8	402171.2350	4540138.7240	-2.5190
YB9	402172.3620	4540119.1130	0.3610
YBC2	402141.1900	4540111.1670	17.3630
YBC3	402143.6970	4540103.3290	17.3960
YBD1.1	402380.8125	4540062.4790	53.8641
YBD2.1	402305.1848	4539901.7110	49.5973
YBS1	402224.5798	4539993.4786	-14.4003
YBS2	402225.8666	4539987.7295	-14.3795
YBS3	402238.6502	4539996.4516	-14.4385
YC1	402214.8220	4539996.8210	-17.9860
YC2	402205.4450	4540041.3620	-17.9800
YC3	402203.3940	4540064.2260	-17.8090
YK1	402217.8850	4540095.4070	-12.4560
YK2	402217.7290	4540098.0190	-10.4730
YK3	402243.3340	4540105.7910	-12.2380
YK4	402248.2320	4540116.5540	-11.5690
YL2	402211.0690	4539986.9410	-14.7780
YP.1	402178.0160	4540114.4510	4.0060
YP.3	402187.2190	4540121.5460	3.8720
Z2	402224.6608	4540026.0530	-2.7695