ATA10 398992.4110 4547072.2650 46.2860 
ATA11 399012.7910 4547092.6740 40.5320 
CS1 399007.5830 4547068.6080 46.7710 
CS2 399007.9290 4547045.2050 47.0260 
CS3 399021.5730 4547026.3370 40.3110 
CS4 399032.2860 4547030.9840 40.1500 
CS5 399022.8780 4547034.0160 40.1860 
CS6 399013.8860 4547034.7280 40.4000 
CSR1 399021.5010 4547069.4100 46.7020 
CSR2 399021.6050 4547063.0540 46.7210 
CSR3 399004.0100 4547068.3150 46.3370 
CSR4 398994.2710 4547051.3750 46.3400 
CSR5 398993.8640 4547063.8830 46.3400 
KR.1 398993.9940 4547059.9150 40.3880 
KR.2 398994.3810 4547048.5750 40.4320 
KR.3 399015.8550 4547070.8310 40.4670 
KR.4 399003.8610 4547056.7950 40.0690 
KRR.30 399020.5670 4547079.4380 33.9000 
KRR.31 399012.6860 4547080.1700 34.0280 
KRR.32 399017.9020 4547050.1090 40.1530 
KRR.33 399019.1930 4547054.0790 38.2040 
KRR100 399021.6830 4547109.8120 32.2140 
KRR1000 398993.4160 4547039.4500 39.6450 
KRR1001 399001.7180 4547024.4650 39.7160 
KRR1002 399006.8070 4547071.6500 40.1140 
KRR1003 398992.8580 4547069.2700 39.9530 
KRR1004 399003.1830 4547056.3640 40.0360 
KRR101 399029.5790 4547110.0500 31.8120 
KRR102 399004.4220 4547000.2000 32.8190 
KRR103 398996.2490 4546999.9610 31.7730 
KRR104 399018.1590 4547001.7720 32.8780 
KRR105 399017.9770 4547008.5560 32.9190 
KRR106 399011.7040 4547008.0310 33.9130 
KRR107 399011.8960 4547001.8000 33.8910 
KRR107_1 399011.6110 4547001.8300 33.6600 
KRR107_2 399018.2480 4547002.0120 33.6000 
KRR107_3 399027.0120 4547000.8360 33.6380 
KRR107_4 399023.9910 4547011.3180 33.5760 
KRR107_5 399032.7190 4547000.9840 32.5420 
KRR108 399000.9920 4547109.1620 31.5120 
KRR109 398992.8780 4547109.0390 31.8070 
KRR110 399014.9750 4547108.2670 31.7940 
KRR111 399015.1560 4547101.9000 31.7850 
KRR20 399013.7270 4547033.4070 33.4610 
KRR21 399021.9650 4547034.3220 33.6500 
KRR22 399017.7340 4547026.1580 33.4790 
KRR23 399023.0650 4547026.3760 33.5570 
KRR24 399003.2580 4547068.8490 33.7310 
KRR25 399007.6100 4547077.5350 33.8110 
KRR26 398993.1110 4547089.0770 35.1810 
KRR27 399003.0350 4547080.0590 33.4480 
KRR28 399032.4610 4547067.0420 40.5010 
KRR29 399018.3590 4547060.9700 40.1880 
MA1 399033.1420 4547069.3680 53.9940 
MA2 399033.4510 4547060.5060 53.9750 
MA20 399033.3720 4547036.3990 39.6070 
MA21 399032.8490 4547035.7480 39.6440 
MA23 398998.7880 4547024.4510 36.8840 
MA25 399028.3990 4547025.2980 36.9160 
MA26 398997.3330 4547092.3270 36.9940 
MA27 399024.9010 4547093.1250 36.7970 
MA28 399011.7780 4547092.6060 36.5000 
MA3 399033.6110 4547052.3890 53.9650 
MA3.1 399031.8750 4547045.8500 40.3660 
MA3.2 399031.4310 4547060.3660 40.7780 
MA3.3 398994.6190 4547039.9270 39.7460 
MA30 399032.4280 4547034.5570 39.6800 
MA31 399033.5760 4547029.2760 39.9440 
MA50 399015.5500 4547052.1210 41.3730 
MA51 399011.1150 4547043.5290 41.3610 
MAA.1 399001.6440 4547092.0490 40.4660 
MAH.01 398993.2400 4547085.4950 40.1340 
MAH.02 398993.4410 4547078.4470 40.4710 
MAH.3 399015.7150 4547077.4790 40.4410 
MAH1 399008.9440 4547093.0470 39.0650 
MAH2 399015.3060 4547093.1140 39.0650 
MAH3 399018.5110 4547065.3120 40.4350 
MAH36 399003.6070 4547078.4770 40.0140 
MAH37 399006.0690 4547074.7320 40.1400 
P.01 399009.0310 4547101.7910 34.1140 
P.02 399008.8510 4547108.0320 34.0730 
P.03 398992.6780 4547108.5080 32.8660 
P.04 398992.9160 4547101.1370 31.9590 
P.1 399033.2030 4547041.5100 46.6730 
P.1.1 398993.2760 4547043.6870 46.5840 
P.10 399010.0680 4547024.6830 46.6090 
P.11 399013.8700 4547024.8210 46.5170 
P.2 399033.1110 4547045.7420 46.6730 
P12 399018.1250 4547024.9420 46.6690 
P3 399032.8560 4547053.7920 46.7400 
PA.1 399008.2030 4547047.3520 46.5760 
PA.2 399007.4700 4547039.6200 46.4830 
PA.3 399032.9600 4547050.0660 46.4240 
SINO1 399010.1140 4547092.9680 55.8410 
SINO2 398991.6370 4547076.6010 57.9010 
SINO3 398992.2540 4547051.1840 57.8530 
SINO5 399001.6620 4547090.8540 47.6980 
SINO6 399023.8110 4547091.5150 47.0360 
SINO7 399030.6320 4547086.6700 47.1060 
SINO8 399012.1130 4547079.9420 46.6650 
SINO9 399020.6000 4547079.5160 46.8640 
SU1 399021.7160 4547069.4010 40.4510 
SU2 399012.3950 4547069.1110 39.8320 
SU3 399021.9610 4547063.0850 40.1260 
SU4 399017.9990 4547077.5760 40.1940 
SU5 398983.3490 4547087.7500 66.0740 
SU6 398978.7420 4547102.7360 69.8210 
V1 399003.9440 4547092.0550 46.5250 
SKK4 398994.9139 4547030.5912 46.9350 
SKK3 398994.6703 4547038.8416 46.9989 
SKK5 398994.3496 4547048.9960 46.9908 
MA100 398991.9271 4547067.5775 57.7674 
MA200 398992.6191 4547038.4192 57.7756 
AP.1 398993.9823 4547060.2507 46.5118 
AP.2 399002.8894 4547067.5870 46.6721 
AD1 399032.0768 4547038.2899 46.7431 
AD2 399031.9034 4547044.1108 46.9076 
B1 399003.0333 4547007.7618 71.9010 
B2 398992.0909 4547002.5647 61.1633 
B3 398978.7333 4547102.7353 69.8226 
B4 398981.9661 4547150.6062 67.6706 
B5 399011.8494 4547150.9366 59.7984 
O1 398993.7543 4547068.6893 40.2519 
O2 399002.7659 4547068.5623 40.0958 
O3 399012.0579 4547068.8714 39.9857 
O4 399020.9104 4547069.2373 40.0661 
M1 399003.8776 4547034.2852 39.9043 
M2 398999.8606 4547025.6929 39.9715 
M3 398994.8376 4547032.9585 39.8830 
M4 399003.9902 4547048.7595 39.8775 
M5 399003.3682 4547055.5592 40.2525 
M6 398994.3449 4547049.5744 40.0124 
M7 399021.9020 4547035.2965 39.8841 
M8 399002.3779 4547090.8504 40.2077 
M9 399011.5274 4547079.4267 40.2465 
M10 399020.5688 4547079.7402 40.3834 
M11 399030.7274 4547083.2267 40.4130 
M12 399017.7826 4547091.2808 40.1216 
C3 399013.1548 4547008.4762 72.1812 
SM1 398987.2503 4547103.4193 31.0022 
SM2 399017.3979 4547116.5381 28.7514 
C1 399021.1866 4547111.4692 57.3738 
C2 399021.1866 4547111.4691 57.3738 
SKK2 399004.6738 4547034.9185 46.8121 
CLI.1 399009.1716 4547115.5503 55.7173 
CLI.2 399001.9189 4547115.1872 55.9057 
CI#3 399013.1215 4547049.0161 40.3465 
CI#4 399022.4867 4547049.3143 40.4412 
H2P.4 399671.0156 4546389.4363 29.2750 
H2P.3 399656.1041 4546387.5198 30.2243 
SINO4 399000.2078 4547023.5849 57.8937 
CLI100 399022.2865 4547062.4325 39.9958 
CLI101 399021.6375 4547068.1981 40.0477 
CLI102 399003.9983 4547068.2939 40.1445 
CLI104 399004.1959 4547061.7987 39.9673 
CLI105 399004.3983 4547056.2042 40.0527 
CLI106 399004.1203 4547049.9658 40.0602 
CLI103 399021.5036 4547078.9932 40.0071 
CLI107 398996.8256 4547093.8152 57.7921 
CLI108 398995.7361 4547108.8101 59.2700 
CI30 399021.0593 4547062.8216 46.8042 
CI31 399018.9257 4547049.9357 46.8822 
CI32 399004.2684 4547049.9992 46.9679 
CI33 399004.6113 4547049.8017 46.8543 
CI34 399004.4125 4547056.5650 46.8531 
CI35 399003.9065 4547056.7893 46.9715 
CI100 399021.0667 4547062.3407 46.7468 
CI101 399018.9534 4547049.9355 46.4805 
CI102 399004.6053 4547049.7951 46.6390 
CI103 399004.2921 4547050.0001 46.7243 
CI#5 399014.1725 4547065.3567 37.7438 
CI#6 399018.2662 4547068.4308 37.7837 
CI#7 398996.1335 4547098.3384 54.9598 
CI#8 399017.7665 4547069.5067 37.4625 
CI#9 398991.3565 4547095.4650 56.0895 
CI#10 399013.8574 4547065.5285 37.7824 
CI#11 399014.1627 4547065.3515 37.8358 
CI#12 399018.1817 4547068.3690 37.8723 
CI.1001 399001.9628 4547115.7598 54.6845 
CI.999 399001.8320 4547106.0391 51.8719 
CI.1000 399002.0624 4547099.6696 51.8099 
