IB9 400584.1800 4541901.6890 67.0530
KY121 400665.2800 4542037.5300 55.8861
KY000.4 400679.4620 4541988.3680 55.2447
KY123 400679.4558 4541988.3710 55.2406
KY122 400665.7640 4542026.4490 54.4343
IB7 400597.7910 4541989.8430 54.0500
KY120 400591.3071 4541875.3960 53.8301
IB8 400589.3620 4541881.7550 49.8920
KY000.1 400571.1061 4541942.9910 49.6843
IB6 400659.6860 4541917.5970 46.4860
KY118 400668.4200 4541893.9660 46.2230
IB5 400668.4120 4541893.9560 46.2190
IB3 400644.4940 4541943.9200 45.8730
KY116 400644.4870 4541943.9120 45.8530
IB4 400647.9170 4541929.2800 45.5150
KY117 400647.9080 4541929.2710 45.4900
KY000.3 400641.6794 4541976.5860 42.3941
P1047 400568.8410 4542292.9770 41.9350
KY000.2 400630.2782 4541975.3900 41.7193
P7-10 399080.2690 4547704.6160 40.0820
P7-9 399080.2800 4547700.1590 40.0620
P7-11 399077.6910 4547709.4280 40.0120
P1048 400540.5020 4542121.3610 38.7080
KY110 400616.8430 4541967.9760 38.3060
SV2 400660.2019 4541871.3230 38.3021
KY109 400629.1600 4541942.5470 38.2940
SV1 400638.9403 4541860.4810 37.7809
KY108 400632.1840 4541882.5840 37.1450
KY111 400609.2160 4541969.8300 37.1380
KY115 400639.3290 4541904.8930 37.0940
KY2 400639.2980 4541883.8260 37.0850
KY1 400623.9020 4541879.3890 37.0830
KY3 400610.7930 4541970.1550 37.0550
KY6 400611.4820 4541911.2100 37.0340
KY5 400595.7030 4541961.2760 37.0320
KY4 400629.8430 4541940.4500 37.0210
KY115.1 400639.4010 4541893.4830 36.8100
KY115.2 400632.6700 4541882.9900 36.5860
KY103 400599.9600 4541944.5030 36.4280
KY103.2 400639.9358 4541875.9520 34.8656
KY103.3 400634.3887 4541877.4410 34.8229
KY5A 400653.6050 4541808.1930 34.7760
KY103.1 400639.5138 4541880.8930 34.7414
KY101 400636.8600 4541917.1890 34.5940
KY-100 400625.9770 4541950.4590 34.5460
N24 400660.5030 4541727.4420 34.2670
KY6A 400700.9760 4541678.3960 34.1510
KY03 400633.8465 4541883.5440 33.4765
KY-102 400632.0730 4541882.1030 32.5480
KY105 400594.8400 4541968.9170 32.5250
P1053 400797.2760 4541446.5780 32.5140
KY02 400639.2589 4541883.5750 32.3244
KY04 400633.9166 4541884.5120 30.5563
DP167 400609.5019 4541926.7340 30.4209
DP168 400607.9836 4541931.4360 30.4200
DP169 400606.5123 4541935.9840 30.4180
DP166 400626.4438 4541943.7830 30.4133
DP164 400629.8290 4541933.3030 30.4130
DP162 400632.9323 4541923.7320 30.4129
DP163 400631.3558 4541928.5670 30.4124
DP165 400628.2872 4541938.0610 30.4077
DP160 400636.8839 4541910.9760 30.4074
DP171 400624.8897 4541948.5320 30.3909
DP161 400634.5584 4541918.6430 30.3747
KY106 400602.1310 4541937.3660 30.3610
DP156 400615.9691 4541944.7710 30.3475
DP170 400605.7344 4541938.3850 30.3442
DP149 400617.1119 4541914.6920 30.3194
DP148 400625.2056 4541915.8610 30.3168
DP155 400618.8624 4541935.8150 30.3005
DP158 400618.5864 4541902.4070 30.2552
DP172 400623.9752 4541951.2970 30.2382
DP150 400613.0145 4541915.9780 30.2179
DP157 400613.7468 4541952.1290 30.2133
KY05 400638.8064 4541886.0920 30.2109
DP85 400602.7900 4541947.5490 30.2020
DP211 400619.9788 4541948.1700 30.2009
DP77 400630.1290 4541893.2470 30.1980
DP86 400600.1170 4541955.7370 30.1940
DP207 400604.7749 4541941.3950 30.1852
DP209 400602.8735 4541947.3440 30.1604
DP154 400622.1075 4541925.9470 30.1416
DP76 400637.8240 4541900.1810 30.1340
DP159 400617.5119 4541905.7170 30.1254
DP208 400603.8781 4541944.1810 30.1142
DP87 400598.1810 4541961.6970 30.1110
DP89 400612.9460 4541952.9510 30.1050
DP79 400619.3760 4541899.9240 30.0960
DP88 400604.0500 4541961.4230 30.0730
DP75 400637.2880 4541906.3210 30.0480
DP205 400609.5728 4541939.4860 30.0366
DP213 400617.9797 4541961.2820 30.0160
DP78 400622.6620 4541889.7460 30.0150
DP212 400615.5620 4541962.4920 30.0112
DP210 400613.1626 4541951.3480 30.0022
DP204 400614.8146 4541935.9290 29.9957
DP206 400608.9174 4541949.9410 29.9759
DP80 400631.3900 4541883.6720 29.9500
DP99 400619.1810 4541966.0300 29.9440
DP81 400638.8790 4541888.2160 29.9270
DP96 400623.1020 4541953.9630 29.9170
DP101 400613.1700 4541967.3940 29.9150
DP202 400620.5798 4541905.5200 29.8980
DP100 400617.5040 4541966.7800 29.8950
DP109 400621.2380 4541927.4900 29.8610
DP98 400620.3120 4541962.6140 29.8390
DP110 400616.4850 4541915.8330 29.8330
DP153 400613.8433 4541924.6750 29.8255
DP97 400621.2070 4541959.8700 29.7960
DP203 400619.8191 4541907.8440 29.7774
DP201 400634.0988 4541911.7610 29.7563
DP152 400610.8724 4541922.5400 29.7498
DP151 400611.8283 4541919.6240 29.7486
DP82 400626.7110 4541900.9930 29.7450
DP108 400618.2320 4541936.6540 29.7070
DP102 400602.8690 4541968.8430 29.5860
KY06 400638.4432 4541893.1330 28.5625
DP50 400605.4830 4541969.5480 25.2740
DP53 400601.6870 4541947.7120 25.1030
DP49 400599.7540 4541953.5770 25.0300
KY202 400632.3580 4541882.8790 24.9530
KY201 400639.3510 4541894.5760 24.8510
KY200 400620.4750 4541893.2990 24.8340
DP52 400595.3570 4541965.0950 24.1780
DP131 400611.2130 4541967.6600 23.9020
DP3 400626.1860 4541914.4650 23.4050
KY107 400615.9230 4541904.8460 23.1780
DP4 400624.9240 4541918.3600 23.1600
DP2 400627.0670 4541911.7250 23.1370
DP63 400630.1560 4541893.2540 23.0970
DP5 400622.2840 4541926.0390 23.0750
DP60 400629.1900 4541935.2600 22.8910
DP64 400625.8950 4541881.9240 22.8610
DP62 400626.7120 4541900.9950 22.8330
DP146 400618.2340 4541936.6580 22.8310
DP61 400620.0720 4541963.3640 22.7820
DP145 400616.1080 4541944.8130 22.7740
DP54 400613.6080 4541952.0990 22.7520
DP55 400612.9550 4541952.9290 22.7320
DP6 400618.9270 4541935.8330 22.7010
DP56 400612.9540 4541953.9930 22.6910
DP132 400615.5290 4541946.6810 22.6460
DP137 400636.9830 4541909.8210 22.6070
DP124 400604.1340 4541961.9800 22.6020
DP147 400621.4090 4541926.8810 22.5730
KYP15 400636.5055 4541912.3330 22.5624
DP59 400626.5360 4541943.4830 22.5580
DP58 400623.3550 4541953.2800 22.5570
DP141 400611.9380 4541919.3220 22.5520
DP138 400626.8360 4541911.2920 22.5430
DP126 400602.5080 4541948.4230 22.5430
DP143 400614.9160 4541915.2970 22.5400
DP142 400612.7970 4541916.6560 22.5350
DP140 400610.5870 4541923.4730 22.5070
DP144 400624.4970 4541918.4100 22.4960
DP65 400620.6530 4541896.0510 22.4770
DP66 400634.7690 4541890.3010 22.4710
DP125 400601.6120 4541951.1420 22.4690
DP119 400609.0910 4541965.1670 22.4660
DP120 400610.1940 4541961.7770 22.4630
DP139 400609.0380 4541928.3130 22.4470
KYP18 400628.2169 4541906.5920 22.4450
DP116 400602.9600 4541968.8300 22.4400
7S8 400613.8926 4541950.7420 22.4369
DP117 400604.6870 4541968.5900 22.4310
DP136 400636.4160 4541912.8920 22.4290
DP122 400599.5690 4541957.4890 22.4220
DP118 400606.9110 4541968.2750 22.4130
DP128 400604.3070 4541942.8840 22.4060
DP123 400600.6340 4541954.1870 22.4040
DP127 400603.3940 4541945.7340 22.4030
DP129 400613.3570 4541963.0610 22.4010
DP121 400598.8370 4541959.7140 22.3950
DP130 400610.4400 4541961.9860 22.3920
DP.2 400622.6387 4541905.1260 22.3853
DP.1 400623.7780 4541907.6670 22.3694
KYP.52 400625.2032 4541897.4970 22.3454
DP1 400619.2970 4541900.2190 22.3360
SN1 400631.6865 4541908.6360 22.3301
7S7 400622.5184 4541955.8130 22.2514
APO3 400617.7275 4541962.1190 22.2229
APO1 400615.9379 4541966.9730 22.2094
APO2 400616.8781 4541964.7090 22.2074
DP135 400635.0450 4541917.1990 22.2030
DP134 400633.7030 4541921.3070 22.1960
7S14 400615.5125 4541960.4770 22.1900
KYP.50 400627.7654 4541892.9760 22.1766
KYP.51 400626.3207 4541890.6500 22.1716
DP133 400632.2930 4541925.6690 22.1370
7S13 400622.9868 4541955.2640 22.0172
DP69 400601.5590 4541939.7080 21.0940
DP68 400606.5020 4541924.3170 21.0490
DP67 400612.4620 4541912.3350 21.0450
KY114 400622.6010 4541886.3730 20.8010
7S19 400627.4236 4541955.7300 20.7100
7S20 400623.8077 4541958.6490 20.7099
7S16 400623.6473 4541958.7770 20.6871
KY113 400624.2080 4541881.5780 20.6740
7S18 400624.3479 4541958.2050 20.6506
7S17 400627.6404 4541955.5540 20.6503
KY112 400628.5040 4541881.5220 20.6440
7S15 400627.6523 4541955.5460 20.6333
DP40 400617.4680 4541945.0540 19.3600
DP39 400623.5010 4541926.3760 19.3150
DP51 400601.9160 4541968.3970 19.3070
DP38 400626.1810 4541910.4020 19.0720
KY152 400621.9470 4541907.1920 19.0320
KY150 400609.4850 4541945.4080 18.1980
KY151 400607.7020 4541926.4580 17.7790
DP107 400610.8010 4541922.8170 15.6550
DP104 400624.1320 4541918.2070 15.5000
DP103 400621.8460 4541925.2230 15.4350
DP106 400613.0830 4541915.7760 15.4060
DP105 400616.2130 4541915.7210 15.3790
DP35 400614.9870 4541907.3760 10.4740
DP37 400626.1200 4541910.9350 10.3310
DP36 400621.1430 4541909.3290 10.3260
DP95 400607.4720 4541933.1130 8.8910
DP83 400618.1830 4541936.4580 8.8830
DP84 400620.1760 4541930.3050 8.8200
DP90 400622.6510 4541922.6520 8.7960
DP24 400609.4690 4541944.7770 8.7920
DP92 400612.2770 4541918.3130 8.7840
DP91 400621.4760 4541926.2420 8.7570
DP94 400608.8690 4541928.8140 8.6970
DP93 400610.4110 4541924.0490 8.6970
DP21 400619.2860 4541909.5330 5.1360
DP23 400622.8950 4541926.3280 4.9560
DP22 400611.4090 4541918.8000 4.7970
DP70 400608.3100 4541930.4410 4.1830
DP71 400606.9080 4541934.8340 3.2790
DP73 400610.2850 4541924.4630 3.1080
P30 400617.8020 4541878.9160 1.8423
P31 400617.3496 4541871.8970 1.7892
P28 400645.6180 4541881.0560 1.6754
DP74 400620.8690 4541928.1740 1.6520
P27 400641.2487 4541886.4910 1.5965
P29 400612.8844 4541894.6610 1.5956
P19 400617.5640 4541938.4700 1.5170
DP72 400617.5620 4541938.4720 1.5150
P22 400613.0558 4541944.6760 1.3560
P25 400628.9158 4541899.7780 1.3421
P20 400624.0687 4541938.9740 1.3283
P14 400616.8450 4541909.2720 1.3150
P26 400636.0968 4541902.0780 1.2830
P16 400614.2160 4541912.3180 1.2650
DP31 400604.6440 4541925.9350 1.2600
P21 400607.3235 4541942.7900 1.2543
P15 400614.9520 4541910.0150 1.2420
P6 400623.2480 4541897.0460 1.2100
P24 400624.5485 4541898.3320 1.1406
P1 400618.6820 4541937.2080 1.1190
P2 400606.5490 4541933.2830 1.1130
P4 400612.8640 4541916.4920 1.0760
P23 400600.9993 4541931.4690 1.0476
P5 400623.3910 4541920.4340 1.0460
DP30 400602.6110 4541932.1070 1.0080
P3 400610.4730 4541923.9010 0.9770
FA2 400622.0720 4541904.4470 0.9507
FA1 400628.0933 4541906.3090 0.9490
P8 400631.4260 4541899.7550 0.6340
P7 400626.8480 4541898.3000 0.5240
P18 400591.7410 4541930.7760 0.2690
P10 400620.6190 4541906.4450 0.2230
K2 400613.8190 4541944.9540 0.1500
DP32 400624.4070 4541932.0650 0.0580
P17 400595.0030 4541920.7690 0.0550
P9 400628.1550 4541908.1250 0.0460
7S9 400619.8210 4541949.1270 0.0000
7S12 400620.3920 4541949.3130 0.0000
7S11 400620.5770 4541948.7410 0.0000
7S10 400620.0060 4541948.5560 0.0000
DP33 400622.3540 4541938.5200 -0.4100
K3 400619.1520 4541908.6670 -0.4560
DP34 400614.2150 4541911.9890 -0.6000
P12 400616.3210 4541909.1100 -0.8070
P13 400614.5240 4541912.3230 -1.0100
K1 400610.9360 4541943.8150 -1.0210
P11 400619.5450 4541910.1610 -1.0540
DP44 400618.2820 4541933.7650 -1.0720
DP48 400609.0110 4541930.7560 -1.1400
DP41 400615.8890 4541919.8100 -1.1430
DP47 400615.4090 4541932.8300 -1.1480
DP45 400619.1070 4541920.8510 -1.1610
DP46 400616.7400 4541928.8010 -1.1680
DP42 400613.2570 4541927.8720 -1.2340
KY153 400613.9930 4541933.0550 -4.3420
CI#1 400606.8524 4541901.5492 -0.9954
CI#2 400606.0771 4541895.7455 -1.3326
IH.22 400618.2660 4541878.7940 0.2724
IH.19 400611.9050 4541900.8350 -0.2343
IH.21 400607.9340 4541880.7900 -0.0375
IH.20 400603.5760 4541894.1740 0.1844
IH.18 400613.9160 4541894.8600 -0.1274
IH.17 400644.4510 4541904.9850 -0.4896
IH.16 400593.1880 4541926.2630 -0.0284
IH.15 400601.6380 4541931.7350 0.3612
IH.14 400603.8440 4541925.7050 0.3949
IH.12 400632.5940 4541941.5450 -0.0659
IH.11 400584.7140 4541952.1180 0.0105
IH.10 400592.0470 4541960.1680 -0.1331
IH.9 400594.6550 4541954.2780 -0.0642
IH.8 400625.0680 4541964.4850 -0.6264
IH.7 400623.3750 4541969.7860 -0.5780
IH.6 400618.6140 4541984.4620 -0.4522
IH.5 400616.7380 4541990.1230 -0.6061
IH.4 400585.5510 4541980.1490 0.2285
IH.3 400587.4780 4541973.9760 0.5031
IH.2 400576.3320 4541977.9010 0.2850
IH.1 400578.7360 4541970.5510 0.0946
15.T12 400278.2540 4545181.8920 0.0250
15.T13 400280.0810 4545201.7890 0.1570
S26-2.2 400643.0970 4541908.8200 -0.0730
B104.3 400616.1890 4541895.7800 2.9650
B101.2 400604.3061 4541986.1367 3.1648
B101.3 400605.2248 4541983.2884 4.6270
B101.4 400606.1917 4541980.0603 3.2248
B102.2 400612.0428 4541966.1924 3.4216
B102.3 400599.4545 4541965.9601 4.4520
B102.4 400602.3793 4541966.7533 3.3932
B104.1 400629.1817 4541899.9243 3.2275
B104.2 400627.6499 4541905.1994 3.4804
B104.4 400614.4346 4541901.0501 3.0254
B105.1 400619.1751 4541878.8472 1.9663
B105.2 400617.0934 4541885.4117 1.8752
B105.3 400634.2485 4541884.6772 3.4346
B105.4 400627.7970 4541888.4707 3.0749
B105.5 400629.9167 4541882.7803 3.1193
GP9 400610.2490 4541980.5250 0.0180
H1.1 400606.2720 4541915.4820 -0.7000
H1.2 400598.8460 4541938.0370 -0.9850
H1.3 400611.0070 4541882.8790 -2.9390
H1.4 400603.4790 4541925.0100 0.0690
H1.5 400601.9030 4541897.9300 -0.1220
H1.6 400609.5200 4541906.0870 -0.0130
H2.1 400648.8840 4541892.3100 -0.7000
H2.3 400629.6080 4541951.8060 -0.6340
H2.4 400635.1740 4541934.6890 -0.1990
H2.5 400623.5300 4541939.6810 -0.3970
L4 400599.8950 4541958.6980 4.5030
S26-2.1 400633.1086 4541911.3502 0.2748
S26-2.3 400624.5529 4541965.9394 -0.3592
IH.23 400615.3281 4541960.9743 -0.2306
IH.24 400593.5540 4541972.6543 -0.3254
CLI31 400625.7784 4541932.8554 1.0471
K47 400588.5709 4541940.7371 -0.1574
K37 400612.3514 4541868.5086 -0.0063
IP.3 400602.8832 4541924.6011 1.4068
HKO5 400603.1677 4541923.1917 1.7710
IP.2 400601.6738 4541931.4970 1.4376
IP.1 400591.6721 4541959.8762 1.5712
IP.4 400612.8527 4541894.5860 1.3152
K56 400632.2562 4541942.3018 0.2831
K54 400648.6273 4541892.0127 -0.0986
CLI1 400626.5001 4541932.2362 1.4072
CLI2 400623.2689 4541938.5360 1.4165
CLI3 400636.0931 4541902.1153 1.4771
CLI5 400614.7368 4541967.4593 1.2803
