14	400583.6515	4543303.0191	38.1681
15	400582.8923	4543290.7832	37.7579
1019	400440.1988	4544059.0748	19.7100
1020	400458.5379	4544048.6619	19.4295
1021	400452.1970	4544046.2037	19.2227
....1	400446.8059	4544081.7635	25.0489
....2	400447.6353	4544074.8254	25.0536
....3	400438.1096	4544071.1799	25.0694
17.1	400343.8747	4544930.4024	0.6967
17.2	400344.1708	4544927.9268	0.7669
19.05.11111	400469.0467	4543991.7114	17.5753
19.1	400372.2477	4544503.6412	0.0060
19.2	400372.7362	4544500.8930	-0.1507
1905.55	400507.8592	4543939.8088	43.8303
20.1	400446.5681	4544298.3390	-2.5144
20.2	400447.0581	4544295.2132	-2.5660
20.3	400410.1142	4544289.4559	-2.4428
20.4	400409.5759	4544292.6529	-2.3088
A1	400480.9530	4543982.6750	36.3120
A2	400454.1260	4543988.3480	32.9520
A3	400444.8120	4544003.4940	32.9640
AI.1	400427.3524	4544136.7203	37.1133
AI.2	400434.3196	4544144.7195	37.5578
AS1	400457.6453	4544120.5676	41.5650
AS10	400477.7554	4544079.7093	-3.4868
AS11	400460.8176	4544090.7165	-3.3026
AS12	400466.8370	4544096.6128	-3.1143
AS13	400482.3564	4544041.7404	-3.1860
AS14	400484.8032	4544021.9002	-2.9899
AS15	400485.8648	4544013.1316	-3.0289
AS16	400468.0148	4544028.9079	-3.5713
AS17	400474.6134	4544031.4295	-3.4366
AS18	400466.6742	4544039.9632	-3.0511
AS19	400472.7875	4544048.3532	-3.1389
AS2	400452.7549	4544130.0136	41.7023
AS20	400474.4013	4544031.3756	-1.7929
AS21	400475.7597	4544020.2484	-1.7874
AS22	400471.4918	4544012.9535	-1.8386
AS23	400476.5955	4544007.4606	-1.7914
AS24	400476.6159	4544021.1421	-1.8581
AS25	400471.9880	4544048.2013	-1.6540
AS26	400468.5681	4544030.0926	-1.4218
AS27	400475.0744	4544022.1016	-1.7014
AS28	400419.6635	4544091.0051	10.0472
AS29	400459.6843	4544090.0465	-3.0921
AS29.1	400414.9708	4544086.6691	9.9799
AS3	400459.8904	4544118.1020	41.6100
AS30	400460.4520	4544083.8512	-3.0763
AS31	400446.2477	4544087.5326	-3.1557
AS32	400467.2427	4544084.9284	-1.9204
AS33	400460.8854	4544089.2920	-1.7634
AS34	400466.6189	4544090.3213	-1.9848
AS35	400454.1095	4544088.7323	-3.0998
AS4	400466.2793	4544121.4296	41.6093
AS5	400425.8812	4544134.9089	37.1042
AS6	400454.6706	4544132.5003	41.6030
AS7	400459.2839	4544134.8674	41.5936
AS8	400459.9190	4544137.6153	41.6089
AS9	400476.5387	4544089.3847	-3.4473
BRK1	400452.1526	4544046.1850	18.9325
BRK11	400563.9825	4542947.2543	25.5897
BRK2	400440.2194	4544059.0883	19.2337
BRK3	400471.7718	4544048.7599	19.1628
CLI#1	400462.8055	4544008.2993	33.1150
CLI#2	400457.6332	4544003.1756	33.1505
CLI#3	400469.4686	4543983.2990	19.5918
CLI#4	400482.3481	4543996.0497	19.6056
CLI#5	400481.1629	4543983.2426	19.7399
CLI1	400453.5802	4544083.1536	-3.4421
CLI2	400455.7608	4544067.1232	-3.1515
CLI89	400446.1891	4544087.5294	-1.1971
CLI89.1	400465.8946	4544039.9772	-1.6564
CLI90	400450.2257	4544066.2644	-1.4573
CLI90.1	400456.7156	4544028.8428	-3.1319
CLI91	400448.7987	4544065.1496	-1.6044
CLI91.1	400461.9937	4544023.1137	-3.1651
CLI92	400447.5990	4544074.9844	-1.6101
D1	400451.0178	4543979.8542	-3.3863
D10	400449.0205	4543995.6239	-3.0714
D11	400487.4060	4544000.0774	-3.0555
D12	400476.7786	4544001.6061	-2.8415
D2	400462.9992	4543982.9769	-4.2510
D23	400487.6769	4543997.9207	-3.1114
D24	400487.2449	4544001.4846	-3.2370
D3	400489.0374	4543982.7901	-3.2020
D4	400478.9439	4543984.8823	-3.8966
D5	400475.4431	4543984.5238	-3.9282
DNZ1	400483.2194	4543946.9896	43.0055
DSP49	400572.2911	4542939.2523	25.5490
E100	400487.4667	4543994.1715	-3.2729
E102	400484.5564	4544022.8104	-3.2326
FB1.1	400432.7761	4544050.5637	33.1362
FB1.2	400413.1276	4544071.7601	33.0993
FB1.3	400404.3432	4544081.2051	33.1579
G1	400464.0500	4544096.9880	9.4470
G2	400477.3790	4544086.6200	9.3690
gcc.1	400419.1152	4544074.3135	18.3430
gcc.2	400414.6825	4544085.8489	19.3666
gcc.3	400421.8047	4544079.3267	19.4488
GGC.1	400480.1627	4544002.5198	26.3389
GGC.2	400484.3129	4543998.0446	26.3991
GGC.3	400486.1130	4544019.2108	26.2353
H1	400404.3199	4544081.1860	33.1544
H10	400409.7670	4544091.9166	19.1919
H11	400412.3790	4544093.1794	20.0337
H12	400414.6799	4544096.5003	21.0486
H13	400412.4021	4544097.7312	21.0453
H2	400413.1113	4544071.7408	33.0982
H3	400421.9656	4544062.2020	33.1143
H4	400410.3863	4544103.7308	19.4087
H5	400420.9731	4544103.0371	19.6967
H6	400400.6916	4544094.6985	19.5787
H7	400414.4955	4544086.1808	18.7341
H8	400411.9017	4544097.3186	17.3319
H9	400411.7672	4544097.1584	17.8538
HG1	400413.9817	4544071.7930	24.0559
HG2	400436.1440	4544086.7209	21.0663
HG3	400404.6695	4544081.6768	28.3680
HI.31	400448.4652	4544121.0716	34.2275
HI.32	400456.3301	4544099.3870	30.1878
HI1	400449.8533	4544057.8504	19.3119
HI2	400427.3255	4544082.7939	19.3971
HI3	400422.5919	4544078.4056	19.4375
HL1	400468.8020	4544096.8193	-1.9286
HL2	400469.1650	4544078.2902	-1.7529
HL3	400471.4583	4544059.4510	-1.9223
HSN.1	400407.6130	4544080.8846	10.1081
HSN.2	400400.7958	4544088.2336	10.1332
HSN.3	400415.7454	4544086.4803	9.9485
HSN.4	400419.5427	4544090.2651	10.1260
IAH.1	400475.8944	4544020.3662	19.6806
IBR2	400418.6550	4544105.5916	9.9502
ID.1	400460.4326	4544083.7656	25.8407
ID.2	400452.8439	4544095.3717	25.9935
IHA.1	400510.7317	4544008.7350	28.1150
IHA.2	400498.4906	4543980.9777	28.1569
K1	400467.6907	4544090.1426	-3.5701
K2	400473.9691	4544103.9807	-3.4695
KARA1	400554.2423	4543243.3962	48.6167
KRAL.1	400437.9452	4544083.4538	-3.3018
KRAL.2	400446.7597	4544082.6273	-1.6483
KY109	400629.1600	4541942.5470	38.2940
KY115	400639.3290	4541904.8930	37.0940
L25.2	400453.0311	4543967.4702	-2.9509
M10	400513.1084	4543964.9606	32.8923
M117	400445.9034	4544022.2088	-3.2055
M121	400448.8915	4543997.1316	-2.8497
M20	400524.9077	4543974.4361	29.4447
M30	400507.5976	4543971.3334	18.9012
M40	400509.2241	4544011.3590	31.3859
M41	400507.5962	4543971.3327	18.9004
M42	400520.3373	4543945.0649	37.9515
M5.1	400519.7763	4543998.6298	32.3536
M5.2	400504.9428	4543985.5614	32.3899
MBK1	400479.8690	4544083.7560	30.5070
MBK2	400481.9080	4544066.4670	30.4880
MBK3	400483.7340	4544052.2460	30.5130
MBK4	400487.5930	4544020.3840	30.4760
MPR6	400414.7255	4544096.4310	13.3544
MPR7	400408.9534	4544092.7614	14.7097
MPR8	400411.3277	4544092.1463	14.7049
MRP.1	400410.3790	4544091.1969	9.9097
MRP.2	400408.8055	4544094.4554	10.0579
MRP.3	400414.2580	4544096.9516	10.1640
MRP4	400408.4481	4544094.1083	12.5158
MRP5	400410.3026	4544091.2793	12.5400
MRT1	400474.5904	4544021.4299	-3.7707
MS.1	400505.4300	4544052.0260	39.9990
MS.10	400433.7150	4544092.2570	30.3900
MS.101	400464.6784	4544057.3999	20.2410
MS.1011	400464.6775	4544057.4000	20.2414
MS.1012	400471.0372	4544057.9883	19.8625
MS.1013	400459.1797	4544049.2669	19.4157
MS.1014	400462.9855	4544043.1321	18.8205
MS.1015	400475.4727	4544022.1146	19.4078
MS.1016	400485.4601	4544020.1592	19.3559
MS.1017	400457.8243	4544049.1586	19.6669
MS.1018	400451.3444	4544056.9078	19.6780
MS.1019	400440.1962	4544059.0741	19.7078
MS.102	400485.9760	4544032.2220	23.1010
MS.1020	400456.0602	4544065.7793	19.7433
MS.103	400482.7580	4544059.2900	22.8310
MS.104	400462.9847	4544043.1313	18.8207
MS.105	40043.0080	28.6100	
MS.106	400462.4620	4544098.8160	24.0120
MS.107	400441.0120	4544096.2380	24.0760
MS.11	400438.4230	4544052.6610	30.4110
MS.12	400447.4690	4544033.5910	34.4220
MS.13	400492.1640	4543986.1120	34.4120
MS.14	400488.9800	4544013.8590	30.3590
MS.2	400488.0530	4544081.4970	40.5960
MS.201	400489.2900	4544005.0800	17.7550
MS.202	400484.5490	4544044.1140	17.7960
MS.203	400442.1940	4544040.4410	18.2280
MS.204	400480.2430	4544081.2030	18.2140
MS.205	400437.7930	4544063.5030	18.2410
MS.3	400400.7390	4544050.1200	45.0120
MS.301	400489.4330	4544004.5410	13.0880
MS.302	400483.6440	4544046.7030	13.8280
MS.302.1	400483.5940	4544046.6980	13.8310
MS.303	400466.4560	4544020.9910	16.0230
MS.304	400441.2250	4544042.6050	13.9260
MS.305	400464.1420	4544038.5730	14.4250
MS.306	400463.5280	4544040.5620	11.1110
MS.4	400417.4890	4544033.7630	44.9900
MS.402	400475.1060	4544006.0010	8.9770
MS.403	400462.8190	4544048.8110	9.4460
MS.404	400459.9980	4544097.8330	8.9520
MS.405	400482.5310	4544055.8570	8.9780
MS.406	400439.3500	4544056.0210	8.9750
MS.5	400483.2660	4543946.9840	43.0060
MS.501	400450.0060	4544097.5960	8.4620
MS.502	400436.9180	4544080.6180	4.4200
MS.503	400486.8480	4544018.7510	3.4870
MS.504	400477.4360	4544002.8400	2.5340
MS.505	400443.0530	4544040.6380	3.4960
MS.506	400480.2110	4544081.8540	2.3890
MS.507	400463.3480	4544045.1660	2.0250
MS.508	400460.6230	4544061.2110	-1.3410
MS.509	400489.0060	4544008.5500	-2.0950
MS.510	400477.4420	4544002.7560	-2.1590
MS.511	400442.9610	4544040.8820	-0.6160
MS.6	400396.4320	4544088.9620	33.0140
MS.7	400427.4380	4544055.3790	32.9910
MS.8	400461.3670	4544099.3550	30.4170
MS1	400505.3600	4544051.9970	39.9800
MS1.1	400505.3630	4544051.9990	39.9770
MS100	400447.2220	4544088.2130	25.7850
MS101	400437.1690	4544087.1430	25.8390
MS1018	400451.3467	4544056.9082	19.6792
MS1019	400440.1988	4544059.0748	19.7100
MS102	400469.3090	4544068.0710	25.6810
MS1020	400456.0633	4544065.7760	19.7440
MS103	400468.9000	4544076.8430	25.7200
MS104	400467.9850	4544083.7830	25.7300
MS105	400456.8240	4544066.4860	25.6200
MS106	400454.1590	4544082.1160	25.6260
MS107	400439.1670	4544070.6600	25.9150
MS108	400440.4630	4544059.8280	25.7400
MS108.10	400476.2026	4544021.1798	26.3101
MS108.100	400486.6022	4544008.6622	25.8914
MS108.11	400468.1139	4544029.4804	26.1953
MS108.12	400474.3980	4544031.7810	26.1853
MS108.13	400485.4909	4544019.4057	25.7548
MS108.14	400486.6166	4544008.6669	25.8985
MS108.5	400458.7118	4544049.0726	25.7198
MS108.6	400464.3535	4544057.1518	25.7505
MS108.7	400471.1432	4544057.9658	25.7709
MS109	400450.4650	4544058.2000	25.7420
MS120	400447.9638	4544082.2269	-1.6418
MS121	400448.7463	4544075.6876	-1.5382
MS122	400455.6947	4544067.1226	-0.7338
MS2	400487.9985	4544081.4875	40.5746
MS2.1	400488.0090	4544081.4820	40.5850
MS3	400486.0520	4544106.5390	39.2590
MS3.1	400402.0920	4544049.5060	42.6240
MS4	400472.6500	4544109.4900	39.4800
MS4.1	400416.9730	4544034.9800	42.6170
MS401	400488.2880	4544008.2030	8.9630
MS404.1	400459.9910	4544097.8240	8.9530
MS5	400458.3910	4544104.9400	33.8610
MS50	400452.3710	4544097.7820	30.5260
MS501.1	400436.4580	4544079.6300	7.0790
MS51	400457.7310	4544072.3650	20.6870
MS52	400459.5480	4544058.0180	20.6290
MS53	400437.0760	4544069.2790	30.2120
MS54	400468.1890	4544089.2050	17.6120
MS55	400475.9590	4544090.3520	17.6080
MS56	400467.7550	4544096.0780	17.6030
MS57	400452.0610	4544047.4340	19.4520
MS57.1	400453.0231	4544032.0694	19.2546
MS57.2	400450.5399	4544034.7353	19.2282
MS57.3	400448.2953	4544037.1362	19.2188
MS57.4	400460.1011	4544037.5259	19.3305
MS57.5	400465.8060	4544040.5383	19.1615
MS57.6	400467.3804	4544029.1817	19.4342
MS57.9	400469.5541	4544033.4939	19.2186
MS58	400440.4330	4544059.9360	19.4250
MS59	400448.4505	4544074.3893	19.4853
MS59.1	400448.4280	4544074.3870	19.5010
MS6	400491.5740	4543956.3370	43.8470
MS6.1	400505.9178	4544021.4942	32.0486
MS60	400467.3270	4544084.3090	19.3850
MS61	400467.2540	4544090.2780	19.3970
MS62	400447.1910	4544088.4930	19.4820
MS63	400439.1690	4544070.8480	19.3300
MS64	400456.7210	4544066.6490	19.5590
MS65	400462.9830	4544067.8050	19.3030
MS66	400463.6410	4544067.5160	19.3170
MS67	400470.0960	4544068.6750	19.2470
MS68	400470.5190	4544068.1140	19.2670
MS69	400469.3640	4544077.5770	19.3980
MS69.1	400469.1321	4544076.9000	19.3028
MS69.2	400473.8335	4544033.2670	19.0726
MS69.2.1	400479.1980	4544069.9798	19.3095
MS69.3	400471.2548	4544059.1645	19.1981
MS69.4	400464.5396	4544058.2996	19.2589
MS69.5	400473.8325	4544033.2625	19.0723
MS69.8	400483.3336	4544036.1025	19.2294
MS69.9	400475.7767	4544022.7850	19.1776
MS7	400483.2170	4543946.9860	43.0070
MS70	400468.0320	4544083.8150	19.6310
MS700.1	400470.9830	4544012.7606	19.2257
MS71	400461.6620	4544083.6680	19.2640
MS72	400461.2800	4544083.0100	19.1940
MS73	400468.5260	4544084.5050	19.2790
MS74	400467.7520	4544090.9470	19.2760
MS75	400454.8480	4544082.8120	19.2030
MS76	400437.9970	4544093.6040	19.5090
MS77	400444.0560	4544094.3610	19.3020
MS78	400445.9920	4544088.3090	19.1830
MS79	400446.6110	4544087.7550	19.2510
MS80	400436.5670	4544080.0870	26.6400
MS80.1	400446.7730	4544081.8980	19.2670
MS80.10	400447.7453	4544075.5480	18.8879
MS80.11	400439.7597	4544060.1987	19.2285
MS80.12	400437.1849	4544080.6185	19.1126
MS80.4	400435.9539	4544086.9962	21.1597
MS81	400437.2500	4544074.6620	26.9080
MS81.1	400447.9710	4544075.5600	19.2100
MS82	400437.8730	4544069.6840	26.7100
MS83	400455.7990	4544078.3290	26.6120
MS84	400457.5010	4544075.3030	26.6550
MS85	400467.1870	4544090.2280	25.6670
MS86	400467.3550	4544084.1280	25.6180
MS87	400468.7050	4544078.0370	25.7290
MS88	400469.9440	4544068.6170	25.6140
MS89	400463.0300	4544067.7780	25.7880
MS90	400461.6670	4544083.6210	25.6940
MS91	400454.1010	4544088.8380	25.6830
MS92	400466.5860	4544090.5270	25.7460
MS93	400468.1800	4544077.3860	25.7040
MS94	400455.7260	4544075.5270	26.0200
MS95	400453.4420	4544088.5690	25.8880
MS96	400469.3820	4544077.4910	25.7240
MS97	400468.5250	4544084.5050	25.7080
MS98	400467.7520	4544090.8930	25.7140
MS99	400451.2650	4544057.9750	25.8440
MSK1	400486.9404	4543991.6935	35.8377
MSK2	400486.0282	4543979.4514	36.1234
N.44	400302.1590	4544153.0080	28.6100
N.65	400524.0360	4543945.7680	0.0000
P.102	400475.7300	4544020.2410	-3.3470
P.1032	400507.5830	4544048.9310	39.4520
P.1033	400213.9430	4544183.7880	0.0000
P100	400483.8990	4544029.3840	-3.2750
P101	400475.0720	4544022.0900	-3.5310
P102	400475.7220	4544020.2390	-3.3470
P103	400486.2290	4544009.9410	-3.4250
P104	400472.8960	4544011.4690	-3.2080
P105	400482.9290	4544037.1840	-3.2680
P106	400481.5710	4544048.3040	-3.1710
P107	400474.0340	4544033.3460	-3.0170
P108	400467.5590	4544030.8200	-3.1810
P109	400480.2240	4544059.3730	-3.1260
P109.1	400562.0550	4542897.4450	17.0810
P110	400472.0040	4544050.1560	-3.3030
P111	400472.3560	4544048.1900	-3.1850
P112	400464.7940	4544057.9800	-3.2360
P113	400464.3470	4544056.9970	-3.1970
P114	400463.1890	4544066.4240	-3.2690
P115	400462.0850	4544075.8620	-3.3140
P116	400463.6450	4544067.4060	-3.2520
P117	400462.5070	4544076.8060	-3.3480
P118	400462.9240	4544067.9930	-3.3430
P119	400478.3780	4544074.6180	-3.2410
P120	400470.9380	4544059.3880	-3.2310
P121	400468.0230	4544083.6410	-3.3400
P122	400467.2720	4544090.0940	-3.1040
P122.1	400468.0287	4544085.2410	-3.5279
P123	400476.4400	4544090.1980	-3.0250
P124	400466.5570	4544090.7900	-3.1530
P125	400467.3290	4544084.3060	-3.3240
P126	400447.9780	4544082.0640	-3.1690
P127	400447.1920	4544088.5430	-3.3310
P128	400446.7420	4544087.5870	-3.3440
P129	400437.6730	4544085.5450	-3.1720
P130	400447.5130	4544081.1290	-3.1940
P131	400468.9120	4544076.6810	-3.3860
P132	400468.1810	4544077.3290	-3.3090
P133	400438.9030	4544075.5110	-3.2380
P134	400448.8090	4544075.1160	-3.2960
P135	400454.2580	4544081.9550	-3.2030
P136	400454.4770	4544075.7410	-3.2390
P137	400456.1700	4544067.1760	-3.0800
P138	400440.2800	4544064.1920	-3.3610
P139	400448.3030	4544074.1870	-3.4670
P140	400450.4040	4544056.7380	-3.5060
P141	400441.4470	4544054.5260	-3.4340
P142	400451.4180	4544056.9650	-3.5420
P143	400451.7390	4544046.0430	-3.0800
P144	400465.4010	4544040.4600	-3.0600
P144.A	400458.6320	4544038.5990	-3.3410
P144.B	400457.7960	4544048.6820	-2.4650
P144.C	400442.3000	4544047.4050	-3.2750
P145	400469.3250	4544067.9240	-3.1300
P146	400470.4700	4544058.4840	-3.1390
P147	400471.2140	4544049.0970	-3.0830
P148	400473.3240	4544032.7370	-3.0800
P149	400474.5840	4544021.3030	-2.9370
P150	400468.9530	4544076.8840	4.7490
P151	400480.6800	4544070.3320	4.9890
P152	400459.7470	4544075.1630	4.8680
P153	400468.0020	4544083.8260	4.7930
P154	400467.2210	4544090.2730	4.8730
P155	400461.1660	4544082.9850	4.8880
P156	400468.6960	4544078.0720	4.8180
P157	400453.6510	4544082.4500	4.4670
P158	400438.3390	4544065.3320	4.1610
P159	400458.3720	4544068.1420	4.1930
P160	400467.8860	4544085.0300	4.7130
P161	400461.0010	4544084.1840	4.7580
P162	400454.1320	4544083.3600	4.8380
P164	400455.6130	4544066.3380	4.4970
P165	400449.9590	4544058.3440	4.6620
P166	400453.6410	4544088.6040	4.5900
P167	400447.4320	4544081.3190	4.6820
P168	400460.0540	4544052.9980	4.2080
P169	400457.3910	4544050.0480	4.4790
P170	400451.5590	4544048.0090	4.4870
P171	400442.1290	4544048.7320	4.4690
P173	400458.2260	4544048.5560	4.5860
P174	400451.8940	4544046.0510	4.5150
P175	400461.0800	4544045.7600	4.8730
P176	400450.9880	4544056.7200	4.5900
P177	400455.8880	4544065.5380	4.7550
P178	400476.5690	4544089.5340	4.9580
P179	400477.9270	4544078.4250	4.5730
P501	400457.9340	4544035.0520	4.6910
P502	400462.1900	4544036.9020	4.9570
P503	400461.6520	4544041.1590	4.9240
P601	400483.2090	4544026.5960	2.8030
P602	400476.9180	4544030.8370	2.8120
P603	400473.3440	4544025.5850	2.8360
P604	400467.1170	4544047.7050	4.5280
P605	400480.7060	4544055.4900	4.4350
P606	400476.5000	4544048.8410	4.5190
P607	400472.7710	4544072.8570	8.2730
P608	400477.8860	4544071.2610	8.3150
P609	400472.6610	4544065.1320	8.2840
P610	400463.7200	4544069.0330	8.2800
P611	400466.1830	4544065.6410	8.2630
PM-101	400461.2620	4544031.2930	2.7960
PM-102	400458.0670	4544029.8980	2.7970
PM-103	400459.7360	4544033.4050	2.7980
PM1	400475.9890	4544008.8350	2.8100
PM2	400485.1720	4544014.5290	2.7870
PM3	400485.6460	4544010.6500	2.7810
PMS1	400483.2900	4543946.9970	43.0120
PMS2	400407.6430	4544155.8870	64.7200
POL1	400481.2870	4544046.6640	2.8010
PS.1	400435.5290	4544126.9070	36.9790
PS.2	400430.3080	4544131.3700	36.9940
S2	400590.9611	4543321.5894	53.2700
S23.2	400471.8357	4544119.2195	-3.0068
S24.5	400481.8593	4544043.1690	-3.4621
S5K1	400487.4664	4543993.5889	20.8797
S5K2	400473.8243	4544009.5075	19.4323
S5K3	400479.6828	4544001.1993	19.6442
S5K4	400483.2328	4543997.3640	19.8633
S5K5	400478.7158	4543980.9683	19.8829
S5K6	400488.2096	4543989.7930	19.9606
S5K7	400483.6033	4543985.5085	19.9559
SM1	400449.3549	4543993.0337	-3.1350
SM10	400430.1796	4544096.2791	8.5945
SM11	400436.7282	4544079.4995	10.9779
SM12	400408.8281	4544104.5499	8.8935
SM13	400395.5901	4544090.5043	8.8629
SM2	400448.7769	4543998.0598	-3.3695
SM3	400450.7549	4543981.8944	-3.3248
SM4	400451.2307	4543977.3900	-2.9761
SM5	400464.1835	4544003.0893	-0.7646
SM6	400470.6654	4544004.0006	-0.7704
SM7	400445.9765	4544088.7058	-3.4213
SM8	400446.7369	4544082.1289	-3.5595
SM9	400435.9547	4544087.1726	11.1828
SMS1	400515.2510	4543996.1542	28.6091
SMS2	400494.5168	4543983.9268	28.6886
SMS3	400502.4846	4543984.1408	28.5057
SMS4	400514.6065	4544004.5959	27.7845
SS.1	400492.2414	4543987.6321	32.3132
SS.2	400480.6722	4543998.9140	32.2300
SS.3	400484.4894	4543997.0501	25.6794
SS.4	400484.5976	4543997.7360	25.8581
SS.5	400485.1382	4543994.0832	25.6352
SSK1	400487.5875	4543993.6357	20.8841
SSK2	400473.8937	4544009.5148	19.4362
SSK3	400479.7783	4544001.2258	19.6472
SY.1	400473.4638	4544109.0470	-2.8467
SY.2	400472.2808	4544119.0570	-2.9012
Y1	400476.0760	4544100.7210	-1.8510
Y10	400479.7410	4544079.3380	7.0660
Y11	400484.3810	4544039.6860	4.9570
Y12	400464.6230	4544036.2090	4.9860
Y13	400465.1390	4544025.5580	2.8310
Y15	400461.9440	4544042.1390	2.7820
Y16	400440.5290	4544046.0380	5.6760
Y2	400460.4330	4544098.6440	-1.9150
Y3	400452.6470	4544097.6640	-1.8770
Y4	400436.2640	4544095.7230	-1.7980
Y5	400459.5850	4544071.6510	-1.8980
Y6	400457.9150	4544073.5560	-1.8910
Y7	400459.7160	4544079.6360	3.0260
Y8	400459.6090	4544071.6270	3.0670
Y9	400463.1890	4544047.7240	3.5170
YS10	400482.2800	4544034.3460	2.7680
YS100	400441.9590	4544050.3935	9.3108
YS101	400449.9201	4544057.6585	9.3468
YS102	400459.0617	4544039.2187	9.1573
YS103	400461.8212	4544036.6253	9.6476
YS11	400470.6180	4544033.3310	2.8210
YS16	400466.0120	4544024.0050	4.8330
YS17	400485.1080	4544018.9260	4.5180
YS18	400471.1960	4544013.2680	4.6010
YS19	400485.7510	4544028.2730	9.5120
YS2	400439.8650	4544046.1480	13.4120
YS20	400465.9240	4544025.9380	8.2560
YS21	400476.1690	4544020.4050	4.7050
YS22	400467.9990	4544028.8920	4.7510
YS23	400485.1820	4544032.6680	9.5550
YS24	400469.2450	4544014.5810	9.7110
YS25	400475.1390	4544020.8150	10.0890
YS26	400468.0510	4544028.9460	9.7120
YS27	400473.7850	4544031.9460	9.6240
YS28	400476.2230	4544020.4680	10.1250
YS29	400486.4850	4544022.1450	10.0190
YS3	400438.5510	4544057.0120	13.3540
YS30	400474.9970	4544022.0430	10.1790
YS31	400485.5238	4544019.3070	10.0382
YS31.1	400487.3675	4544015.0149	9.9822
YS4	400437.3320	4544068.1170	12.6480
YS5	400435.2430	4544083.6640	12.5660
YS6	400458.1770	4544071.7470	12.9650
YS7	400459.9470	4544064.0720	13.1110
YZR1	400507.8623	4543939.8175	43.8294
YZR2	400477.3806	4543988.9258	31.2502
YZR3	400469.6367	4544006.4627	31.9463
ZS1	400460.0650	4544081.8240	9.6810
ZS10	400443.2530	4544094.2970	9.7010
ZS100	400441.9590	4544050.3935	9.3108
ZS101	400449.9201	4544057.6585	9.3468
ZS102	400459.0617	4544039.2187	9.1573
ZS103	400461.8212	4544036.6253	9.6476
ZS104	400457.3747	4544049.8166	9.4130
ZS11	400447.3250	4544082.5340	10.3830
ZS12	400445.9950	4544088.3050	10.2680
ZS13	400453.6350	4544082.6970	10.3880
ZS14	400437.0040	4544093.5270	10.1740
ZS15	400454.4780	4544075.7450	10.2790
ZS16	400455.6820	4544066.6930	10.0920
ZS17	400450.4360	4544058.5740	10.2430
ZS18	400440.3730	4544059.9930	9.7970
ZS19	400438.9650	4544071.2210	10.1830
ZS2	400469.2250	4544078.1130	9.6960
ZS20	400448.8470	4544074.8850	10.2810
ZS21	400419.3170	4544068.3529	9.8340
ZS22	400429.4021	4544057.4846	10.4602
ZS3	400477.0460	4544087.9770	9.6240
ZS4	400478.0360	4544079.8550	9.6730
ZS40	400442.6328	4544043.3338	10.0569
ZS41	400447.3966	4544038.1651	9.9267
ZS42	400451.2339	4544034.0343	9.9978
ZS43	400454.4635	4544030.6077	10.0549
ZS44	400456.7563	4544028.1806	10.1172
ZS45	400459.1615	4544025.5652	9.9881
ZS5	400479.9220	4544064.3660	9.9000
ZS6	400480.7950	4544057.1790	9.7220
ZS7	400464.8140	4544057.7330	10.0340
ZS8	400462.3850	4544053.9370	9.6850
ZS9	400446.7960	4544081.8560	10.3740