ASH1 400561.8715 4542905.0150 18.7721
ASH10 400556.4432 4542853.9180 19.1973
ASH2 400561.7038 4542906.3510 18.7844
ASH3 400562.3067 4542917.6550 18.8482
ASH4 400562.5439 4542923.5930 18.8820
ASH5 400563.0419 4542933.6760 18.9417
ASH6 400570.4829 4542898.5320 18.7502
ASH7 400574.0281 4542855.5290 18.8462
ASH8 400568.7038 4542855.8470 19.0274
ASH9 400567.6450 4542853.4030 19.0562
ATA1 400526.0060 4542980.4750 52.4800
ata2 400682.0240 4542710.8620 77.7570
BRK11 400563.9825 4542947.2540 25.5897
CS1 400572.3111 4542939.9690 31.8132
CS10 400572.5401 4542944.2770 31.7355
CS11 400554.9594 4542935.6510 31.9684
CS12 400563.6174 4542940.8820 31.8839
CS13 400564.2023 4542947.2470 31.8983
CS14 400557.2009 4542934.2740 31.7208
CS2 400575.9379 4542953.5030 32.2020
CS3 400565.9945 4542956.2820 31.9994
CS4 400562.4820 4542955.6870 31.9527
CS5 400555.8157 4542954.2510 31.9482
CS6 400555.7019 4542951.9310 31.9169
CS7 400555.4291 4542945.3090 31.8628
CS8 400555.3756 4542944.0040 31.6577
CS9 400555.5651 4542949.1780 31.8125
D1 400560.5541 4542881.4340 31.5480
D10 400562.2923 4542917.6390 31.5678
D2 400566.1869 4542869.8230 31.5038
D3 400559.9236 4542867.3170 31.5722
D4 400559.5750 4542859.9240 31.6490
DSP70.21 400553.6752 4542908.3360 31.6942
10.12 400553.6383 4542903.5704 32.1847
E55 400593.4968 4542964.3538 17.0208
E53 400592.4168 4542937.8310 17.2127
DSP3 400501.8890 4542982.9910 52.5000
DSP2 400526.0060 4542980.4750 52.4800
