15T.2 400281.5990 4545340.0290 32.3530
L1 400299.3400 4545368.5440 46.7830
L2 400271.5890 4545365.5350 46.8160
L3 400257.4760 4545320.1650 36.7980
L4 400279.1300 4545315.6520 40.6940
L5 400303.7540 4545313.6880 45.8640
15.K1 400247.6442 4545422.3172 33.1232
15.K2 400243.7214 4545441.3731 32.1508
15.K3 400237.2552 4545433.1431 31.9655
15.K4 400235.7047 4545445.8234 34.8381
15.K5 400227.9822 4545445.0130 34.4864
15KL1 400284.4483 4545439.9724 37.9360
15KL2 400278.1174 4545438.2678 41.2970
15KL3 400267.2586 4545437.6926 40.9198
