SKK2	399004.6738	4547034.9185	46.8121
SKK3	398994.6700	4547038.8420	46.9990
SKK4	398994.9139	4547030.5912	46.9350
SKK5	398994.3496	4547048.9960	46.9908
AA1	399002.5484	4547044.6635	39.8920
AA2	399002.9527	4547040.1225	39.8506
AA3	399004.1001	4547045.1335	39.7896
ABD.1	399007.8539	4547086.2013	46.2680
ABD.2	399018.7712	4547049.7435	46.8129
ABD.3	399007.9639	4547046.6925	46.8662
ACD.1	399021.5275	4547078.9544	33.9254
ACD.2	399030.8475	4547079.7937	32.9351
AD1	399032.0770	4547038.2900	46.7430
AD2	399031.9030	4547044.1110	46.9080
AP.1	398993.9820	4547060.2510	46.5120
AP.2	399002.8890	4547067.5870	46.6720
ATA10	398992.4110	4547072.2650	46.2860
ATA11	399012.7910	4547092.6740	40.5320
B1	399003.0330	4547007.7620	71.9010
B1.1	398996.6104	4546999.4726	31.7807
B1.1PRIZMA	398996.6216	4546999.4670	31.7816
B1.5	398994.0339	4547062.4825	31.5735
B1.5PRIZMA	398994.0610	4547062.4682	31.5692
B1.9	398993.1516	4547114.1573	32.3475
B2	398992.0910	4547002.5650	61.1630
B3	398978.7330	4547102.7350	69.8230
B4	398981.9660	4547150.6060	67.6710
B5	399011.8490	4547150.9370	59.7980
BKM1	399027.6086	4547026.4973	40.2288
BKM10	398997.5708	4547061.5323	46.7528
BKM2	399032.2147	4547032.5406	40.3609
BKM4	399004.0234	4547067.8056	47.0045
BKM6	399016.1528	4547084.7608	46.4984
BKM7	399016.3195	4547079.1948	46.6594
BKM8	398993.8418	4547065.0075	46.7720
BKM9	399012.0581	4547067.8701	46.7617
BYBY.1	399010.7331	4547070.9319	46.6699
BYBY.2	399007.7610	4547025.8943	47.1090
C1	399021.1460	4547111.4810	57.3740
C2	399013.1550	4547008.4760	70.8810
C3	399013.1550	4547008.4760	72.1810
CI#3	399013.1215	4547049.0161	40.3465
CI#4	399022.4867	4547049.3143	40.4412
CLI69	399013.2369	4547035.1777	46.5258
CS1	399007.5830	4547068.6080	46.7710
CS2	399007.9290	4547045.2050	47.0260
CS3	399021.5730	4547026.3370	40.3110
CS4	399032.2860	4547030.9840	40.1500
CS5	399022.8780	4547034.0160	40.1860
CS6	399013.8860	4547034.7280	40.4000
CSR1	399021.5010	4547069.4100	46.7020
CSR2	399021.6050	4547063.0540	46.7210
CSR3	399004.0100	4547068.3150	46.3370
CSR4	398994.2710	4547051.3750	46.3400
CSR5	398993.8640	4547063.8830	46.3400
DA.2	399012.8981	4547068.5647	33.6935
DA.3	398993.6095	4547073.0043	32.7560
DB1	399014.3011	4547071.0290	46.6228
DB3	399005.1267	4547033.9590	46.4402
DB4	399006.5325	4547025.8452	47.1147
DB5	398998.2546	4547033.7202	46.8961
DB6	398994.6097	4547041.8185	46.7500
DB7	399007.0341	4547042.1162	46.7447
HDS1	398996.3951	4547029.0214	39.7606
HDS2	398994.8114	4547048.6822	39.6608
HDS3	398994.4411	4547078.2339	39.9226
HDS4	398994.5872	4547041.5663	39.7683
HDS5	398998.0616	4547039.9739	39.7469
HDS6	399002.8610	4547049.0346	39.8288
HK1	399000.2422	4547061.6199	46.5340
HK2	399020.9159	4547068.4382	46.4792
HKN1	399008.8172	4547070.8703	46.2103
KR.1	398993.9940	4547059.9150	40.3880
KR.2	398994.3810	4547048.5750	40.4320
KR.3	399015.8550	4547070.8310	40.4670
KR.4	399003.8610	4547056.7950	40.0690
KRR.24	399003.2580	4547068.8490	33.7310
KRR.30	399020.5670	4547079.4380	33.9000
KRR.31	399012.6860	4547080.1700	34.0280
KRR.32	399017.9020	4547050.1090	40.1530
KRR.33	399019.1930	4547054.0790	38.2040
KRR100	399021.6830	4547109.8120	32.2140
KRR1000	398993.4160	4547039.4500	39.6450
KRR1001	399001.7180	4547024.4650	39.7160
KRR1002	399006.8070	4547071.6500	40.1140
KRR1003	398992.8580	4547069.2700	39.9530
KRR1004	399003.1830	4547056.3640	40.0360
KRR101	399029.5790	4547110.0500	31.8120
KRR102	399004.4220	4547000.2000	32.8190
KRR103	398996.2490	4546999.9610	31.7730
KRR104	399018.1590	4547001.7720	32.8780
KRR105	399017.9770	4547008.5560	32.9190
KRR106	399011.7040	4547008.0310	33.9130
KRR107	399011.8960	4547001.8000	33.8910
KRR107_1	399011.6110	4547001.8300	33.6600
KRR107_2	399018.2480	4547002.0120	33.6000
KRR107_3	399027.0120	4547000.8360	33.6380
KRR107_4	399023.9910	4547011.3180	33.5760
KRR107_5	399032.7190	4547000.9840	32.5420
KRR108	399000.9920	4547109.1620	31.5120
KRR109	398992.8780	4547109.0390	31.8070
KRR110	399014.9750	4547108.2670	31.7940
KRR111	399015.1560	4547101.9000	31.7850
KRR20	399013.7270	4547033.4070	33.4610
KRR21	399021.9650	4547034.3220	33.6500
KRR22	399017.7340	4547026.1580	33.4790
KRR23	399023.0650	4547026.3760	33.5570
KRR24	399003.2580	4547068.8490	33.7310
KRR25	399007.6100	4547077.5350	33.8110
KRR26	398993.1110	4547089.0770	35.1810
KRR27	399003.0350	4547080.0590	33.4480
KRR28	399032.4610	4547067.0420	40.5010
KRR29	399018.3590	4547060.9700	40.1880
M1	399003.8780	4547034.2850	39.9040
M10	399020.5690	4547079.7400	40.3830
M11	399030.7270	4547083.2270	40.4130
M12	399017.7830	4547091.2810	40.1220
M2	398999.8610	4547025.6930	39.9720
M3	398994.8380	4547032.9580	39.8830
M4	399003.9900	4547048.7600	39.8770
M5	399003.3680	4547055.5590	40.2530
M6	398994.3450	4547049.5740	40.0120
M7	399021.9020	4547035.2970	39.8840
M8	399002.3780	4547090.8500	40.2080
M9	399011.5270	4547079.4270	40.2460
MA#1	399030.1660	4547032.1600	0.0000
MA1	399033.1420	4547069.3680	53.9940
MA100	398991.9270	4547067.5780	57.7670
MA2	399033.4510	4547060.5060	53.9750
MA20	399033.3720	4547036.3990	39.6070
MA200	398992.6190	4547038.4190	57.7760
MA21	399032.8490	4547035.7480	39.6440
MA23	398998.7880	4547024.4510	36.8840
MA25	399028.3990	4547025.2980	36.9160
MA26	398997.3330	4547092.3270	36.9940
MA27	399024.9010	4547093.1250	36.7970
MA28	399011.7780	4547092.6060	36.5000
MA3	399033.6110	4547052.3890	53.9650
MA3.1	399031.8750	4547045.8500	40.3660
MA3.2	399031.4310	4547060.3660	40.7780
MA3.3	398994.6190	4547039.9270	39.7460
MA30	399032.4280	4547034.5570	39.6800
MA31	399033.5760	4547029.2760	39.9440
MA50	399015.5500	4547052.1210	41.3730
MA51	399011.1150	4547043.5290	41.3610
MAA.1	399001.6440	4547092.0490	40.4660
MAH.01	398993.2400	4547085.4950	40.1340
MAH.02	398993.4410	4547078.4470	40.4710
MAH.3	399015.7150	4547077.4790	40.4410
MAH1	399008.9440	4547093.0470	39.0650
MAH2	399015.3060	4547093.1140	39.0650
MAH3	399018.5110	4547065.3120	40.4350
MAH36	399003.6070	4547078.4770	40.0140
MAH37	399006.0690	4547074.7320	40.1400
MAP.1	399012.1306	4547069.0799	15.7953
MAP.2	399009.3344	4547079.8441	15.6805
O1	398993.7543	4547068.6893	40.2519
O2	399002.7659	4547068.5623	40.0958
O3	399012.0579	4547068.8714	39.9857
O4	399020.9100	4547069.2370	40.0660
P.01	399009.0310	4547101.7910	34.1140
P.02	399008.8510	4547108.0320	34.0730
P.03	398992.6780	4547108.5080	32.8660
P.04	398992.9160	4547101.1370	31.9590
P.1	399033.2030	4547041.5100	46.6730
P.1.1	398993.2760	4547043.6870	46.5840
P.10	399010.0680	4547024.6830	46.6090
P.11	399013.8700	4547024.8210	46.5170
P.2	399033.1110	4547045.7420	46.6730
P12	399018.1250	4547024.9420	46.6690
P3	399032.8560	4547053.7920	46.7400
PA.1	399008.2030	4547047.3520	46.5760
PA.2	399007.4700	4547039.6200	46.4830
PA.3	399032.9600	4547050.0660	46.4240
SH1	399018.1768	4547070.3017	46.4675
SH2	399007.0045	4547059.1136	46.3065
SH3	399021.1289	4547079.0053	46.4338
SH4	399026.9996	4547059.5703	46.4278
SH5	399018.3956	4547065.7922	46.3469
SH6	399016.4373	4547083.1591	46.2061
SH7	399021.5661	4547086.7581	46.1889
SINO1	399010.1140	4547092.9680	55.8410
SINO2	398991.6370	4547076.6010	57.9010
SINO3	398992.2540	4547051.1840	57.8530
SINO4	399000.2080	4547023.5850	57.8940
SINO5	399001.6620	4547090.8540	47.6980
SINO6	399023.8110	4547091.5150	47.0360
SINO7	399030.6320	4547086.6700	47.1060
SINO8	399012.1130	4547079.9420	46.6650
SINO9	399020.6000	4547079.5160	46.8640
SU1	399021.7160	4547069.4010	40.4510
SU2	399012.3950	4547069.1110	39.8320
SU3	399021.9610	4547063.0850	40.1260
SU4	399017.9990	4547077.5760	40.1940
SU5	398983.3490	4547087.7500	66.0740
SU6	398978.7420	4547102.7360	69.8210
TRT1	399009.6047	4547100.3978	50.4174
TRT2	399002.1626	4547099.6606	51.3965
V1	399003.9440	4547092.0550	46.5250
ZS16	400455.6820	4544066.6930	10.0920